#d+<sup>12</sup>C&rarr;<sup>13</sup>C+p, <em>E<sub>k</sub></em>(d)=2 MeV
#<em>&theta;</em><sub>3</sub>, <em>&theta;</em><sub>4</sub>
180  0
124.6125502256  6.1808132796609
114.12687178163  8.7469887917677
108.4079254734  10.720198875844
104.55517663447  12.38715441321
101.67245423237  13.858831054977
99.374920227353  15.192105650772
97.465017430536  16.420743779791
95.829003436938  17.566731744602
94.395893612928  18.645331925977
93.118648107682  19.667650135466
91.964611016509  20.642065487437
90.910254325818  21.575084035543
89.938103925156  22.471876856286
89.034849400496  23.336634400298
88.190132528356  24.172808413913
87.39574318657  24.983282173159
86.645069518718  25.770493396237
85.932712140367  26.53652497974
85.254207283551  27.283173288923
84.605824138634  28.012000435378
83.984413873243  28.724374903939
83.387295366148  29.421503552503
82.812167494736  30.104457122815
82.257040937892  30.77419080097
81.720184531712  31.431560953001
81.200082622079  32.077338870553
80.695400828217  32.712222154464
80.204958311293  33.336844213994
79.727705125743  33.951782249313
79.262703579742  34.557564003038
78.809112785837  35.154673505037
78.366175770831  35.743555988059
77.933208654423  36.324622115849
77.509591512032  36.898251637701
77.094760617845  37.464796561724
76.688201826066  38.024583922058
76.289444896304  38.577918201764
75.898058606437  39.125083462321
75.513646525734  39.666345222008
75.135843344294  40.201952118412
74.7643116734  40.732137384624
74.39873924627  41.257120164019
74.038836460688  41.777106684656
73.684334214681  42.292291311207
73.334981994373  42.802857489648
72.990546179611  43.308978597789
72.650808538308  43.810818712846
72.315564884855  44.308533305755
71.984623881641  44.802269870569
71.657805965749  45.292168496226
71.334942385479  45.778362386996
71.015874333486  46.260978337134
70.700452165148  46.740137164562
70.388534692288  47.215954107838
70.079988543714  47.688539190118
69.774687585123  48.157997553432
69.472512391872  48.624429766158
69.173349768939  49.0879321063
68.877092313086  49.548596822841
68.583638012852  50.006512377221
68.292889882503  50.46176366676
68.00475562655  50.914432231646
67.719147331796  51.364596446951
67.43598118426  51.812331700979
67.155177208588  52.257710561114
66.876659027838  52.700802928234
66.60035364175  53.141676180641
66.326191221825  53.580395308362
66.054104921686  54.017023038602
65.784030701383  54.451619953066
65.515907164415  54.884244597771
65.249675406381  55.314953585941
64.985278874272  55.743801694513
64.722663235515  56.170841954735
64.461776255963  56.596125737297
64.202567686103  57.019702832389
63.94498915483  57.441621525071
63.688994070171  57.861928666274
63.434537526437  58.280669739745
63.18157621729  58.697888925229
62.930068354279  59.113629158138
62.679973590438  59.527932185947
62.431252948567  59.940838621542
62.183868753847  60.352387993721
61.937784570484  60.76261879504
61.692965142086  61.171568527165
61.449376335509  61.579273743908
61.206985087936  61.985770092078
60.965759356952  62.391092350298
60.725668073429  62.795274465908
60.486681097008  63.198349590073
60.248769174024  63.60035011121
60.011903897697  64.001307686831
59.776057670456  64.401253273901
59.541203668239  64.800217157794
59.307315806659  65.198228979942
59.074368708905  65.595317764236
58.842337675281  65.991511942268
58.611198654266  66.386839377465
58.380928215014  66.781327388201
58.151503521202  67.175002769911
57.922902306136  67.567891816302
57.695102849059  67.960020339682
57.468083952564  68.351413690468
57.241824921067  68.742096775916
57.016305540275  69.132094078123
56.791506057575  69.521429671326
56.567407163316  69.910127238549
56.343989972913  70.298210087632
56.121236009733  70.685701166664
55.899127188725  71.072623078867
55.67764580074  71.458998096953
55.456774497516  71.844848176985
55.23649627728  72.230194971757
55.016794470939  72.615059843743
54.79765272883  72.999463877612
54.579055007988  73.38342789235
54.360985559924  73.766972452998
54.143428918857  74.150117882042
53.926369890405  74.532884270452
53.709793540691  74.915291488413
53.493685185848  75.297359195746
53.278030381903  75.679106852045
53.062814915021  76.060553726546
52.848024792082  76.441718907738
52.633646231581  76.82262131274
52.419665654839  77.203279696441
52.206069677488  77.583712660439
51.99284510124  77.963938661772
51.779978905909  78.343976021461
51.567458241677  78.723842932885
51.35527042159  79.103557469978
51.143402914274  79.483137595287
50.93184333686  79.86260116787
50.720579448094  80.241965951076
50.509599141646  80.621249620195
50.298890439576  81.00046976999
50.088441485977  81.379643922133
49.878240540767  81.758789532541
49.668275973623  82.137923998624
49.458536258055  82.517064666461
49.249009965609  82.896228837897
49.039685760182  83.27543377759
48.830552392457  83.654696719997
48.621598694439  84.034034876316
48.412813574084  84.413465441391
48.20418601002  84.793005600593
47.995705046353  85.172672536671
47.787359787547  85.552483436593
47.579139393368  85.932455498378
47.371033073897  86.312605937938
47.163030084599  86.692951995914
46.95511972144  87.073510944541
46.747291316044  87.45430009453
46.5395342309  87.835336801984
46.331837854588  88.216638475356
46.124191597041  88.598222582445
45.91658488482  88.980106657459
45.709007156414  89.362308308131
45.501447857537  89.744845222914
45.293896436438  90.127735178246
45.086342339207  90.510996045914
44.878775005068  90.894645800505
44.671183861663  91.278702526969
44.46355832032  91.66318442829
44.255887771284  92.048109833286
44.048161578931  92.433497204541
43.840369076936  92.819365146476
43.632499563399  93.205732413581
43.424542295924  93.592617918802
43.216486486641  93.980040742108
43.008321297163  94.368020139243
42.800035833483  94.756575550679
42.591619140782  95.145726610768
42.383060198167  95.535493157129
42.174347913311  95.925895240265
41.965471116998  96.316953133428
41.756418557567  96.708687342755
41.547178895231  97.101118617669
41.337740696292  97.494267961595
41.128092427209  97.888156642966
40.918222448538  98.282806206572
40.708119008718  98.678238485254
40.497770237702  99.074475611952
40.287164140418  99.471540032157
40.076288590047  99.869454516753
39.86513132112  100.2682421753
39.653679922402  100.66792646975
39.441921829569  101.06853122869
39.229844317652  101.47008066201
39.017434493243  101.87259937617
38.804679286448  102.27611238998
38.591565442555  102.68064515101
38.378079513437  103.08622355262
38.164207848628  103.49287395156
37.949936586094  103.90062318642
37.735251642652  104.30949859666
37.520138704033  104.71952804254
37.30458321456  105.13073992575
37.088570366419  105.54316321099
36.872085088505  105.95682744845
36.655112034808  106.37176279721
36.437635572313  106.78800004971
36.219639768399  107.2055706573
36.001108377683  107.62450675688
35.782024828295  108.04484119885
35.562372207536  108.46660757624
35.342133246892  108.88984025531
35.121290306355  109.31457440748
34.899825358007  109.74084604294
34.677719968834  110.16869204576
34.454955282697  110.5981502108
34.231512001434  111.02925928251
34.007370365006  111.46205899558
33.782510130659  111.89659011778
33.556910550998  112.33289449501
33.330550350936  112.77101509868
33.103407703415  113.21099607571
32.875460203833  113.65288280117
32.646684843077  114.09672193381
32.417057979068  114.54256147479
32.186555306711  114.99045082959
31.955151826144  115.44044087355
31.722821809145  115.89258402122
31.489538763583  116.34693429975
31.255275395754  116.8035474267
31.020003570443  117.26248089256
30.78369426855  117.72379404835
30.546317542072  118.18754819866
30.307842466263  118.65380670059
30.06823708871  119.1226350691
29.827468375118  119.5941010891
29.585502151499  120.06827493514
29.342303042496  120.54522929897
29.09783440549  121.02503952594
28.852058260158  121.50778376078
28.604935213064  121.99354310372
28.35642437686  122.4824017777
28.10648328361  122.97444730786
27.855067791704  123.46977071423
27.602131985765  123.96846671896
27.3476280689  124.47063396942
27.091506246558  124.97637527865
26.833714601173  125.48579788493
26.574198956695  125.99901373224
26.312902731976  126.51613977383
26.049766781873  127.03729830122
25.784729224784  127.56261730122
25.517725255175  128.09223084409
25.248686939454  128.62627950608
24.977542993363  129.16491083031
24.704218538787  129.70827983012
24.428634837606  130.25654954002
24.150708999884  130.80989161964
23.8703536633  131.36848701721
23.587476640282  131.93252669979
23.301980528775  132.5022124588
23.013762281947  133.07775780033
22.722712731422  133.65938893162
22.428716057745  134.24734585663
22.131649200774  134.84188359577
21.831381201436  135.44327354752
21.527772464851  136.05180501255
21.22067393301  136.66778690487
20.909926153069  137.29154967853
20.595358224722  137.92344750436
20.276786606878  138.56386073731
19.954013759985  139.21319872341
19.62682659547  139.87190300517
19.294994697719  140.54045099693
18.958268276459  141.21936021699
18.616375797863  141.90919318336
18.269021230566  142.61056310482
17.915880827233  143.32414053107
17.556599342277  144.05066116721
17.190785560119  144.79093511174
16.818006973986  145.54585784838
16.437783409356  146.31642341654
16.049579324539  147.10374031251
15.652794436829  147.90905084686
15.246752206667  148.73375492261
14.830685549665  149.57943953452
14.403718914887  150.44791576683
13.964845532269  151.34126575906
13.512898136169  152.26190313225
13.046510722888  153.21265191273
12.564067740246  154.1968513826
12.063635261454  155.21849809194
11.542865664126  156.2824425188
10.998862173132  157.39466850635
10.427980458496  158.56270250775
9.8255273716111  159.79623493904
9.1852830254485  161.10810577926
8.4987002896297  162.5159552535
7.7534675248765  164.04518723326
6.930678575203  165.7348036069
5.9984893032617  167.65048058525
4.8947719297265  169.9203206667
3.4590302731178  172.87516811193
0  180


