#d+<sup>12</sup>C&rarr;<sup>13</sup>N+n, <em>E<sub>k</sub></em>(d)=2 MeV
#<em>&theta;</em><sub>4</sub>, <em>KE</em><sub>4</sub>
0  1.6807308437973
5.8852933269388  1.6785191985438
8.329309816929  1.6763075532903
10.208956166263  1.6740959080367
11.797179640767  1.6718842627832
13.199621583395  1.6696726175297
14.470421641549  1.6674609722762
15.64171856954  1.6652493270227
16.734438214061  1.6630376817692
17.763106042537  1.6608260365158
18.738291108616  1.6586143912623
19.667967167117  1.6564027460088
20.558325240313  1.6541911007553
21.414285799415  1.6519794555018
22.239836049208  1.6497678102482
23.038260191835  1.6475561649947
23.812301453228  1.6453445197412
24.564279066494  1.6431328744877
25.296174628925  1.6409212292342
26.00969709468  1.6387095839807
26.706332526816  1.6364979387273
27.387382760412  1.6342862934738
28.053995854869  1.6320746482203
28.707190370343  1.6298630029668
29.347874932949  1.6276513577133
29.976864159795  1.6254397124598
30.594891738599  1.6232280672062
31.202621259395  1.6210164219527
31.800655253024  1.6188047766992
32.38954278627  1.6165931314457
32.969785885612  1.6143814861923
33.541845003006  1.6121698409388
34.106143692639  1.6099581956853
34.663072633495  1.6077465504318
35.212993106162  1.6055349051783
35.756240011688  1.6033232599248
36.293124504091  1.6011116146713
36.82393629525  1.5988999694177
37.348945680653  1.5966883241642
37.868405326223  1.5944766789107
38.382551849761  1.5922650336572
38.891607225132  1.5900533884038
39.395780032886  1.5878417431503
39.895266577331  1.5856300978968
40.390251887088  1.5834184526433
40.880910613635  1.5812068073898
41.367407840272  1.5789951621363
41.849899812176  1.5767835168828
42.328534596762  1.5745718716292
42.803452682298  1.5723602263757
43.274787521699  1.5701485811222
43.742666027504  1.5679369358688
44.207209023301  1.5657252906153
44.668531656178  1.5635136453618
45.126743774247  1.5613020001083
45.581950272794  1.5590903548548
46.034251412174  1.5568787096013
46.483743110233  1.5546670643478
46.930517211702  1.5524554190943
47.374661736756  1.5502437738407
47.81626111066  1.5480321285872
48.25539637625  1.5458204833337
48.692145390784  1.5436088380803
49.126583008559  1.5413971928268
49.558781250523  1.5391855475733
49.98880946201  1.5369739023198
50.416734459602  1.5347622570663
50.842620668013  1.5325506118128
51.266530247828  1.5303389665593
51.688523214832  1.5281273213058
52.108657551596  1.5259156760523
52.526989311934  1.5237040307987
52.943572718781  1.5214923855453
53.358460255999  1.5192807402918
53.771702754563  1.5170690950383
54.183349473554  1.5148574497848
54.593448176335  1.5126458045313
55.002045202255  1.5104341592778
55.409185534222  1.5082225140243
55.814912862406  1.5060108687708
56.219269644373  1.5037992235173
56.622297161877  1.5015875782638
57.024035574546  1.4993759330102
57.424523970673  1.4971642877568
57.823800415296  1.4949526425033
58.221901995759  1.4927409972498
58.618864864912  1.4905293519963
59.014724282095  1.4883177067428
59.409514652062  1.4861060614893
59.803269561969  1.4838944162358
60.19602181654  1.4816827709823
60.587803471535  1.4794711257288
60.978645865619  1.4772594804753
61.368579650729  1.4750478352219
61.757634821034  1.4728361899683
62.14584074056  1.4706245447148
62.533226169579  1.4684128994613
62.919819289812  1.4662012542078
63.305647728534  1.4639896089543
63.690738581636  1.4617779637008
64.075118435697  1.4595663184473
64.458813389141  1.4573546731938
64.841849072512  1.4551430279403
65.224250667925  1.4529313826869
65.606042927744  1.4507197374334
65.987250192517  1.4485080921798
66.367896408219  1.4462964469263
66.748005142846  1.4440848016728
67.127599602372  1.4418731564193
67.506702646137  1.4396615111658
67.88533680167  1.4374498659123
68.26352427899  1.4352382206588
68.641286984413  1.4330265754053
69.018646533886  1.4308149301518
69.395624265879  1.4286032848984
69.772241253863  1.4263916396449
70.14851831838  1.4241799943914
70.524476038748  1.4219683491378
70.900134764407  1.4197567038843
71.275514625928  1.4175450586308
71.650635545708  1.4153334133773
72.02551724837  1.4131217681238
72.400179270868  1.4109101228703
72.774640972341  1.4086984776168
73.148921543707  1.4064868323634
73.523040017019  1.4042751871099
73.897015274608  1.4020635418564
74.270866058006  1.3998518966029
74.644610976681  1.3976402513493
75.018268516583  1.3954286060958
75.391857048521  1.3932169608423
75.765394836375  1.3910053155888
76.138900045167  1.3887936703353
76.512390748982  1.3865820250818
76.885884938768  1.3843703798283
77.259400530012  1.3821587345749
77.632955370313  1.3799470893214
78.006567246848  1.3777354440679
78.380253893748  1.3755237988144
78.754032999401  1.3733121535608
79.12792221367  1.3711005083073
79.50193915505  1.3688888630538
79.876101417777  1.3666772178003
80.25042657887  1.3644655725468
80.624932205155  1.3622539272933
80.99963586024  1.3600422820399
81.374555111471  1.3578306367864
81.749707536875  1.3556189915329
82.125110732087  1.3534073462794
82.500782317284  1.3511957010259
82.876739944116  1.3489840557723
83.253001302658  1.3467724105188
83.629584128383  1.3445607652653
84.006506209161  1.3423491200118
84.383785392297  1.3401374747583
84.761439591619  1.3379258295048
85.139486794606  1.3357141842514
85.517945069595  1.3335025389979
85.896832573037  1.3312908937444
86.276167556848  1.3290792484909
86.655968375835  1.3268676032374
87.036253495218  1.3246559579839
87.417041498259  1.3224443127303
87.798351093994  1.3202326674768
88.1802011251  1.3180210222233
88.562610575878  1.3158093769698
88.945598580384  1.3135977317164
89.329184430711  1.3113860864629
89.713387585425  1.3091744412094
90.09822767818  1.3069627959559
90.483724526508  1.3047511507024
90.869898140812  1.3025395054489
91.256768733552  1.3003278601954
91.644356728659  1.2981162149418
92.032682771179  1.2959045696883
92.421767737155  1.2936929244348
92.81163274377  1.2914812791813
93.202299159771  1.2892696339279
93.593788616165  1.2870579886744
93.986123017232  1.2848463434209
94.379324551856  1.2826346981674
94.773415705189  1.2804230529139
95.168419270676  1.2782114076604
95.564358362456  1.2759997624069
95.961256428157  1.2737881171533
96.359137262109  1.2715764718998
96.758025018997  1.2693648266463
97.157944227977  1.2671531813929
97.558919807279  1.2649415361394
97.96097707933  1.2627298908859
98.364141786409  1.2605182456324
98.768440106886  1.2583066003789
99.17389867205  1.2560949551254
99.580544583587  1.2538833098719
99.988405431713  1.2516716646184
100.39750931402  1.2494600193648
100.80788485509  1.2472483741113
101.21956122682  1.2450367288578
101.6325681697  1.2428250836044
102.04693601487  1.2406134383509
102.4626957071  1.2384017930974
102.87987882886  1.2361901478439
103.29851762527  1.2339785025904
103.71864503029  1.2317668573369
104.14029469398  1.2295552120834
104.56350101101  1.2273435668299
104.98829915049  1.2251319215763
105.41472508713  1.2229202763228
105.84281563396  1.2207086310694
106.27260847647  1.2184969858159
106.70414220849  1.2162853405624
107.13745636982  1.2140736953089
107.57259148561  1.2118620500554
108.0095891079  1.2096504048019
108.44849185906  1.2074387595484
108.88934347763  1.2052271142949
109.33218886644  1.2030154690414
109.77707414334  1.2008038237879
110.22404669461  1.1985921785345
110.67315523126  1.1963805332809
111.12444984846  1.1941688880274
111.57798208824  1.1919572427739
112.03380500576  1.1897455975204
112.49197323936  1.1875339522669
112.95254308467  1.1853223070134
113.41557257313  1.1831106617599
113.88112155513  1.1808990165064
114.34925178822  1.1786873712529
114.82002703074  1.1764757259994
115.29351314127  1.174264080746
115.76977818441  1.1720524354924
116.24889254326  1.1698407902389
116.73092903932  1.1676291449854
117.2159630603  1.1654174997319
117.70407269643  1.1632058544784
118.19533888618  1.1609942092249
118.68984557202  1.1587825639714
119.1876798671  1.1565709187179
119.68893223397  1.1543592734644
120.19369667614  1.152147628211
120.70207094396  1.1499359829575
121.21415675581  1.1477243377039
121.73006003637  1.1455126924504
122.2498911733  1.1433010471969
122.77376529433  1.1410894019434
123.30180256662  1.1388777566899
123.83412852079  1.1366661114364
124.37087440198  1.1344544661829
124.91217755087  1.1322428209294
125.45818181782  1.1300311756759
126.00903801372  1.1278195304225
126.56490440158  1.125607885169
127.12594723352  1.1233962399155
127.69234133833  1.1211845946619
128.26427076567  1.1189729494084
128.84192949347  1.1167613041549
129.42552220669  1.1145496589014
130.01526515601  1.1123380136479
130.61138710703  1.1101263683944
131.21413039182  1.1079147231409
131.8237520766  1.1057030778875
132.44052526165  1.103491432634
133.06474053235  1.1012797873805
133.69670758317  1.099068142127
134.33675704072  1.0968564968734
134.98524251641  1.0946448516199
135.64254292502  1.0924332063664
136.30906511283  1.0902215611129
136.98524684696  1.0880099158594
137.67156022887  1.0857982706059
138.3685156078  1.0835866253524
139.07666608679  1.081374980099
139.79661273455  1.0791633348455
140.52901064361  1.076951689592
141.27457600856  1.0747400443385
142.03409444286  1.0725283990849
142.80843080972  1.0703167538314
143.59854091818  1.0681051085779
144.40548553612  1.0658934633244
145.23044730706  1.0636818180709
146.07475134179  1.0614701728174
146.93989051051  1.059258527564
147.82755681702  1.0570468823105
148.73968074441  1.054835237057
149.67848119659  1.0526235918035
150.64652974688  1.05041194655
151.64683454643  1.0482003012964
152.6829517861  1.0459886560429
153.7591366491  1.0437770107894
154.88055233197  1.0415653655359
156.05356701763  1.0393537202824
157.28618876099  1.0371420750289
158.58872570965  1.0349304297755
159.97483325757  1.032718784522
161.46326765194  1.0305071392685
163.08103386807  1.028295494015
164.86958257991  1.0260838487615
166.89869779  1.0238722035079
169.30446322326  1.0216605582544
172.43825264814  1.0194489130009
180  1.0172372677474


