#d+<sup>12</sup>C&rarr;<sup>13</sup>N+n, <em>E<sub>k</sub></em>(d)=2 MeV
#<em>&theta;</em><sub>3</sub>, <em>KE</em><sub>3</sub>
0  0.038192706200789
10.612134766301  0.040404351453617
14.665079504923  0.042615996706445
17.566553020899  0.044827641961092
19.854906859579  0.04703928721392
21.745043924689  0.049250932466748
23.350038424275  0.051462577721395
24.738525770371  0.053674222974223
25.956028889704  0.05588586822887
27.034625279971  0.058097513481698
27.997934516846  0.060309158734526
28.863939189276  0.062520803989173
29.646694257658  0.064732449242001
30.357419945934  0.066944094494829
31.005231173746  0.069155739749476
31.597641836891  0.071367385002304
32.140923806819  0.073579030256951
32.640368922327  0.075790675509779
33.100484292522  0.078002320762607
33.525140589988  0.080213966017254
33.917686475569  0.082425611270082
34.281038151084  0.08463725652291
34.617750334962  0.086848901777557
34.930073151891  0.089060547030385
35.219998196644  0.091272192285032
35.489296175836  0.09348383753786
35.739547925063  0.095695482790688
35.972170162691  0.097907128045335
36.188437023395  0.10011877329816
36.389498179194  0.10233041855099
36.576394179703  0.10454206380564
36.750069510103  0.10675370905847
36.911383763467  0.10896535431129
37.061121245557  0.11117699956594
37.199999268973  0.11338864481877
37.328675345573  0.11560029007342
37.447753448092  0.11781193532624
37.55778948163  0.12002358057907
37.659296081456  0.12223522583372
37.752746833974  0.12444687108655
37.838580001835  0.12665851633938
37.91720182119  0.12887016159402
37.98898942846  0.13108180684685
38.054293465206  0.1332934521015
38.113440402424  0.13550509735433
38.16673461953  0.13771674260715
38.214460268249  0.1399283878618
38.256882947367  0.14214003311463
38.29425121075  0.14435167836746
38.326797927979  0.1465633236221
38.354741514413  0.14877496887493
38.378287045286  0.15098661412776
38.397627266602  0.15319825938241
38.412943513953  0.15540990463523
38.424406549057  0.15762154988988
38.432177322606  0.15983319514271
38.436407670976  0.16204484039554
38.437240953497  0.16425648565018
38.434812636186  0.16646813090301
38.42925082719  0.16867977615584
38.420676768588  0.17089142141049
38.409205288696  0.17310306666332
38.394945218576  0.17531471191796
38.377999776049  0.17752635717079
38.35846692015  0.17973800242362
38.336439678697  0.18194964767827
38.312006451331  0.18416129293109
38.285251290173  0.18637293818392
38.256254160021  0.18858458343857
38.225091179819  0.1907962286914
38.191834846976  0.19300787394423
38.156554245941  0.19521951919887
38.119315242327  0.1974311644517
38.080180663741  0.19964280970635
38.039210468393  0.20185445495918
37.996461902419  0.204066100212
37.951989646829  0.20627774546665
37.905845954838  0.20848939071948
37.858080780346  0.21070103597231
37.808741898203  0.21291268122695
37.757875016885  0.21512432647978
37.705523884124  0.21733597173443
37.651730386015  0.21954761698726
37.596534640062  0.22175926224008
37.539975082586  0.22397090749473
37.482088550903  0.22618255274756
37.422910360628  0.22839419800039
37.362474378432  0.23060584325503
37.300813090579  0.23281748850786
37.237957667511  0.23502913376069
37.173938024748  0.23724077901534
37.108782880348  0.23945242426817
37.042519809149  0.24166406952281
36.975175294006  0.24387571477564
36.9067747742  0.24608736002847
36.837342691219  0.24829900528312
36.766902532057  0.25051065053594
36.695476870198  0.25272229578877
36.623087404418  0.25493394104342
36.549754995542  0.25714558629625
36.475499701279  0.25935723155089
36.400340809251  0.26156887680372
36.324296868319  0.26378052205655
36.24738571831  0.2659921673112
36.169624518228  0.26820381256402
36.091029773058  0.27041545781685
36.011617359213  0.2726271030715
35.931402548727  0.27483874832433
35.850400032249  0.27705039357897
35.768623940907  0.2792620388318
35.68608786711  0.28147368408463
35.602804884337  0.28368532933928
35.518787565973  0.28589697459211
35.434048003246  0.28810861984493
35.348597822294  0.29032026509958
35.262448200441  0.29253191035241
35.175609881688  0.29474355560524
35.088093191477  0.29695520085988
34.999908050769  0.29916684611271
34.911063989457  0.30137849136736
34.821570159158  0.30359013662019
34.731435345406  0.30580178187301
34.640667979283  0.30801342712766
34.549276148512  0.31022507238049
34.457267608032  0.31243671763332
34.364649790093  0.31464836288797
34.271429813877  0.31686000814079
34.177614494678  0.31907165339544
34.083210352659  0.32128329864827
33.988223621199  0.3234949439011
33.892660254861  0.32570658915574
33.796525936979  0.32791823440857
33.6998260869  0.3301298796614
33.602565866879  0.33234152491605
33.504750188654  0.33455317016887
33.406383719709  0.3367648154217
33.307470889231  0.33897646067635
33.20801589379  0.34118810592918
33.10802270273  0.34339975118382
33.007495063309  0.34561139643665
32.90643650557  0.34782304168948
32.804850346974  0.35003468694413
32.702739696791  0.35224633219696
32.600107460261  0.35445797744978
32.496956342542  0.35666962270443
32.393288852428  0.35888126795726
32.289107305875  0.36109291321191
32.18441382932  0.36330455846473
32.0792103628  0.36551620371756
31.973498662889  0.36772784897221
31.867280305448  0.36993949422504
31.760556688195  0.37215113947786
31.653329033102  0.37436278473251
31.545598388619  0.37657442998534
31.437365631734  0.37878607523817
31.328631469867  0.38099772049281
31.219396442606  0.38320936574564
31.109660923284  0.38542101100029
30.999425120408  0.38763265625312
30.888689078923  0.38984430150595
30.777452681341  0.39205594676059
30.665715648711  0.39426759201342
30.553477541448  0.39647923726625
30.440737760013  0.3986908825209
30.327495545454  0.40090252777372
30.213749979797  0.40311417302837
30.099499986298  0.4053258182812
29.984744329551  0.40753746353403
29.869481615457  0.40974910878867
29.75371029104  0.4119607540415
29.637428644132  0.41417239929433
29.520634802901  0.41638404454898
29.403326735248  0.4185956898018
29.285502248042  0.42080733505463
29.167158986213  0.42301898030928
29.048294431702  0.42523062556211
28.928905902244  0.42744227081675
28.808990550007  0.42965391606958
28.688545360067  0.43186556132241
28.567567148725  0.43407720657706
28.446052561658  0.43628885182989
28.3239980719  0.43850049708271
28.201399977656  0.44071214233736
28.078254399928  0.44292378759019
27.954557279972  0.44513543284484
27.830304376555  0.44734707809766
27.705491263028  0.44955872335049
27.580113324192  0.45177036860514
27.454165752959  0.45398201385797
27.327643546806  0.4561936591108
27.200541503995  0.45840530436544
27.072854219571  0.46061694961827
26.944576081122  0.4628285948711
26.815701264281  0.46504024012575
26.686223727977  0.46725188537857
26.556137209413  0.46946353063322
26.425435218759  0.47167517588605
26.294111033555  0.47388682113888
26.162157692799  0.47609846639352
26.029567990716  0.47831011164635
25.896334470186  0.48052175689918
25.762449415818  0.48273340215383
25.627904846649  0.48494504740665
25.492692508448  0.4871566926613
25.356803865612  0.48936833791413
25.220230092625  0.49157998316696
25.082962065053  0.4937916284216
24.944990350062  0.49600327367443
24.806305196419  0.49821491892726
24.666896523962  0.50042656418191
24.526753912486  0.50263820943474
24.385866590033  0.50484985468938
24.244223420537  0.50706149994221
24.101812890795  0.50927314519504
23.958623096706  0.51148479044969
23.814641728757  0.51369643570251
23.66985605668  0.51590808095534
23.524252913254  0.51811972620999
23.377818677179  0.52033137146282
23.23053925496  0.52254301671564
23.08240006175  0.52475466197029
22.933386001067  0.52696630722312
22.78348144331  0.52917795247777
22.632670202998  0.53138959773059
22.480935514627  0.53360124298342
22.328260007065  0.53581288823807
22.174625676358  0.5380245334909
22.020013856844  0.54023617874373
21.864405190445  0.54244782399837
21.707779593991  0.5446594692512
21.550116224431  0.54687111450585
21.391393441765  0.54908275975868
21.231588769513  0.5512944050115
21.070678852523  0.55350605026615
20.908639411894  0.55571769551898
20.745445196784  0.55792934077181
20.581069932831  0.56014098602645
20.415486266898  0.56235263127928
20.248665707816  0.56456427653211
20.080578562782  0.56677592178676
19.911193868994  0.56898756703958
19.740479320118  0.57119921229423
19.568401187075  0.57341085754706
19.394924232622  0.57562250279989
19.220011619117  0.57783414805454
19.043624808811  0.58004579330736
18.865723455895  0.58225743856019
18.686265289474  0.58446908381484
18.505205986516  0.58668072906767
18.322499033707  0.58889237432231
18.138095577022  0.59110401957514
17.95194425763  0.59331566482797
17.763991032619  0.59552731008262
17.574178978761  0.59773895533544
17.382448077352  0.59995060058827
17.188734977817  0.60216224584292
16.992972737498  0.60437389109575
16.795090534607  0.60658553634858
16.595013350898  0.60879718160322
16.392661620062  0.61100882685605
16.187950837219  0.6132204721107
15.980791124113  0.61543211736353
15.771086743713  0.61764376261635
15.558735556854  0.619855407871
15.343628412219  0.62206705312383
15.12564845941  0.62427869837666
14.904670372907  0.6264903436313
14.680559472382  0.62870198888413
14.453170721943  0.63091363413878
14.22234758731  0.63312527939161
13.987920725469  0.63533692464443
13.749706475808  0.63754856989908
13.507505114686  0.63976021515191
13.261098826506  0.64197186040474
13.010249332888  0.64418350565938
12.754695106826  0.64639515091221
12.494148079433  0.64860679616504
12.228289721581  0.65081844141969
11.956766349028  0.65303008667252
11.6791834543  0.65524173192716
11.395098806826  0.65745337717999
11.104013977545  0.65966502243282
10.805363824745  0.66187666768747
10.498503307738  0.66408831294029
10.182690748488  0.66629995819312
9.8570662968764  0.66851160344777
9.5206238049118  0.6707232487006
9.1721734631332  0.67293489395524
8.8102911965102  0.67514653920807
8.4332485904261  0.6773581844609
8.0389133258675  0.67956982971555
7.6246033701292  0.68178147496837
7.1868656060506  0.6839931202212
6.7211247067023  0.68620476547585
6.2210950989666  0.68841641072868
5.6777253390162  0.69062805598332
5.0771198937182  0.69283970123615
4.3958815678135  0.69505134648898
3.5883779163645  0.69726299174363
2.5367688175271  0.69947463699646
0  0.70168628224928


