#d+<sup>12</sup>C&rarr;d+<sup>12</sup>C, <em>E<sub>k</sub></em>(d)=2 MeV
#<em>&theta;</em><sub>3</sub>, <em>&theta;</em><sub>4</sub>
180  0
172.04918261448  3.3097411430004
168.75662940735  4.6832917237697
166.23065961948  5.739044884674
164.10155258678  6.6305929905839
162.22608250603  7.41739419847
160.53078468812  8.1299256386899
158.97201139378  8.7862826046353
157.52131920624  9.3982491592844
156.15894787614  9.9740064700662
154.87050743195  10.519508309185
153.64513245986  11.039247173101
152.47437983342  11.53671168258
151.35153367188  12.014674917271
150.27114747144  12.475384306809
149.22873140577  12.920691279667
148.22053221365  13.352142498631
147.24337421984  13.771045738249
146.29454193457  14.178518519343
145.37169166524  14.575524714471
144.47278383061  14.962902571684
143.59603034191  15.341386493962
142.73985314354  15.711624194724
141.90285114991  16.074190375183
141.08377358901  16.429597748248
140.28149829762  16.778306012083
139.49501388815  17.120729220873
138.72340497498  17.457241889285
137.96583984212  17.788184086716
137.22156007642  18.113865718354
136.48987179644  18.434570146256
135.77013818665  18.750557270641
135.06177310701  19.062066166578
134.36423559445  19.369317352007
133.67702510863  19.672514748199
132.99967740241  19.971847382109
132.33176091943  20.267490870974
131.67287363897  20.559608722244
131.02264030182  20.848353476158
130.38070996251  21.133867713628
129.74675382204  21.416284948339
129.12046330294  21.695730418909
128.50154833407  21.972321794461
127.8897358182  22.246169804893
127.2847682588  22.517378805442
126.68640252647  22.786047283716
126.09440874789  23.052268316215
125.50856930289  23.316129980333
124.92867791683  23.57771572706
124.35453883765  23.837104718847
123.78596608793  24.094372136549
123.22278278399  24.349589458829
122.66482051455  24.602824716983
122.11191877295  24.854142727785
121.5639244372  25.103605306619
121.02069129313  25.351271462902
120.48207959632  25.597197579572
119.94795566895  25.841437578189
119.41819152837  26.084043071048
118.89266454422  26.325063501524
118.37125712156  26.564546273744
117.85385640761  26.802536872572
117.34035402  27.039078974762
116.83064579455  27.274214552082
116.32463155099  27.507983967091
115.82221487503  27.740426062206
115.32330291536  27.971578242636
114.82780619447  28.201476553673
114.33563843197  28.430155752823
113.84671637962  28.657649377179
113.36095966694  28.883989806432
112.87829065671  29.109208321839
112.39863430952  29.333335161487
111.92191805674  29.556399572115
111.44807168121  29.778429857767
110.97702720514  29.999453425506
110.50871878464  30.219496828404
110.04308261044  30.438585806012
109.58005681437  30.656745322478
109.11958138113  30.873999602495
108.66159806504  31.090372165215
108.20605031141  31.305885856283
107.75288318223  31.520562878107
107.30204328587  31.734424818493
106.85347871051  31.947492677745
106.40713896112  32.159786894339
105.96297489968  32.371327369259
105.52093868852  32.582133489081
105.08098373647  32.792224147888
104.64306464774  33.001617768085
104.20713717336  33.210332320188
103.77315816496  33.418385341646
103.34108553075  33.625793954757
102.91087819366  33.832574883732
102.4824960514  34.038744470961
102.05589993843  34.244318692523
101.6310515896  34.449313172987
101.20791360553  34.653743199549
100.78644941942  34.857623735541
100.36662326548  35.060969433339
99.94840014861  35.263794646721
99.53174581543  35.466113442699
99.116626726567  35.66793961284
98.703010030073  35.869286684132
98.290863535958  36.0701679294
97.880155691769  36.270596377295
97.470855559148  36.470584821902
97.062932791323  36.670145831954
96.656357611496  36.869291759708
96.251100792049  37.068034749472
95.847133634565  37.266386745821
95.444427950586  37.464359501511
95.042956043093  37.661964585104
94.642690688663  37.859213388327
94.243605120265  38.056117133171
93.84567301067  38.252686878757
93.448868456441  38.448933527954
93.053165962462  38.644867833803
92.658540427006  38.840500405714
92.264967127284  39.035841715479
91.872421705475  39.230902103099
91.48088015519  39.425691782431
91.09031880838  39.620220846675
90.700714322626  39.8144992737
90.312043668828  40.008536931224
89.924284119246  40.202343581848
89.537413235896  40.395928887968
89.151408859264  40.58930241655
88.766249097339  40.782473643795
88.38191231493  40.975451959684
87.998377123274  41.168246672429
87.615622369902  41.360867012815
87.233627128751  41.553322138454
86.852370690526  41.74562113795
86.471832553269  41.937773034983
86.091992413155  42.129786792315
85.712830155476  42.32167131573
85.334325845819  42.513435457899
84.956459721417  42.705088022191
84.579212182671  42.896637766425
84.202563784818  43.088093406567
83.826495229757  43.279463620384
83.450987357998  43.470757051053
83.076021140744  43.661982310726
82.701577672089  43.85314798407
82.327638161321  44.044262631765
81.954183925327  44.235334793984
81.581196381084  44.426372993845
81.208657038234  44.617385740846
80.836547491733  44.808381534284
80.464849414564  44.999368866661
80.093544550505  45.190356227089
79.72261470695  45.381352104683
79.352041747766  45.572364991956
78.981807586188  45.763403388224
78.611894177736  45.954475803012
78.242283513151  46.14559075947
77.872957611342  46.336756797813
77.50389851233  46.527982478772
77.135088270193  46.719276387067
76.766508945994  46.910647134916
76.398142600686  47.102103365568
76.029971287989  47.293653756868
75.661977047235  47.485307024871
75.294141896154  47.677071927491
74.926447823622  47.868957268198
74.558876782333  48.060971899777
74.19141068141  48.253124728129
73.824031378931  48.445424716144
73.456720674367  48.637880887638
73.089460300921  48.830502331357
72.722231917765  49.023298205068
72.355017102151  49.216277739714
71.987797341403  49.409450243677
71.620554024767  49.602825107118
71.25326843511  49.796411806423
70.885921740467  49.990219908756
70.518494985409  50.184259076716
70.150969082236  50.37853907312
69.783324801961  50.573069765911
69.415542765103  50.767861133189
69.047603432242  50.9629232684
68.679487094347  51.158266385654
68.311173862849  51.353900825214
67.942643659447  51.549837059149
67.573876205631  51.746085697153
67.204851011907  51.942657492561
66.835547366702  52.139563348551
66.465944324931  52.336814324559
66.096020696207  52.534421642909
65.725755032677  52.732396695668
65.355125616453  52.930751051752
64.984110446624  53.129496464282
64.612687225819  53.328644878212
64.240833346292  53.528208438244
63.868525875515  53.728199497038
63.495741541231  53.928630623748
63.122456715955  54.129514612891
62.748647400872  54.330864493566
62.374289209111  54.532693539061
61.999357348359  54.735015276842
61.623826602758  54.937843498971
61.247671314067  55.141192272968
60.870865362026  55.345075953141
60.493382143886  55.549509192409
60.115194553046  55.754506954666
59.736274956754  55.96008452769
59.356595172798  56.166257536649
58.976126445145  56.373041958242
58.594839418445  56.580454135499
58.21270411134  56.788510793292
57.829689888501  56.997229054602
57.445765431302  57.206626457584
57.060898707059  57.416720973482
56.675056936731  57.627531025456
56.288206560985  57.839075508365
55.900313204511  58.05137380959
55.511341638485  58.264445830947
55.121255741034  58.478312011771
54.730018455584  58.692993353257
54.337591746938  58.90851144413
53.943936554917  59.124888487748
53.549012745415  59.342147330742
53.15277905865  59.560311493282
52.75519305444  59.779405201115
52.35621105426  59.999453419484
51.955788079864  60.22048188907
51.553877788187  60.442517164117
51.150432402273  60.665586652905
50.745402637895  60.889718660737
50.33873762555  61.11494243566
49.930384827446  61.341288217117
49.520289949091  61.568787287773
49.108396845032  61.79747202878
48.694647418271  62.027375978752
48.278981512809  62.258533896775
47.861336798753  62.490981829781
47.441648649319  62.724757184687
47.019850009034  62.95989880569
46.595871252345  63.196447057199
46.169640031752  63.434443912913
45.741081114513  63.673933051599
45.310116206841  63.914959960218
44.876663764386  64.15757204509
44.440638787687  64.40181875188
44.001952601089  64.647751695274
43.560512613471  64.895424799337
43.116222058905  65.144894449627
42.668979715156  65.396219658307
42.218679597661  65.649462243639
41.765210626314  65.904687025418
41.308456262037  66.161962038113
40.848294109747  66.421358763723
40.384595483792  66.682952386614
39.917224931468  66.946822072933
39.446039709541  67.21305127757
38.97088920799  67.481728082034
38.491614314316  67.752945567174
38.008046710752  68.026802225203
37.520008095505  68.303402416234
37.027309317763  68.582856875338
36.529749414487  68.865283277133
36.027114535031  69.150806866088
35.519176737192  69.439561162118
35.005692635408  69.731688752788
34.486401878291  70.027342185448
33.961025428444  70.326684975168
33.429263612218  70.629892747363
32.890793900732  70.937154537784
32.345268375442  71.24867427718
31.792310821729  71.564672493736
31.23151338157  71.885388273613
30.662432680704  72.21108152908
30.084585325931  72.542035635313
29.497442642664  72.878560511837
28.900424490095  73.220996243756
28.292891948426  73.569717363019
27.674138616318  73.925137942891
27.043380181626  74.287717702689
26.39974182758  74.657969378882
25.74224289903  75.036467699055
25.069778063428  75.423860406303
24.38109393512  75.820881937201
23.674759752524  76.228370578087
22.9491301485  76.647290245469
22.202297242294  77.078758511042
21.432028054822  77.524083208783
20.635681350005  77.984811071643
19.810094982397  78.462793611932
18.95142986716  78.960278360867
18.054948234862  79.480038523205
17.114688819927  80.025562876801
16.122973612841  80.60134412001
15.069625320251  81.213336292079
13.940656527058  81.869720926636
12.715915970823  82.582282613048
11.364453637807  83.369117451316
9.8341307850236  84.260703927422
8.023207063918  85.316502837177
5.6688049262136  86.690113346113
0  90


