#d+<sup>12</sup>C&rarr;<sup>13</sup>C+p, <em>E<sub>k</sub></em>(d)=2 MeV
#<em>&theta;</em><sub>4</sub>, <em>KE</em><sub>4</sub>
0  4.7193667078108
6.1808132796609  4.7154738746409
8.7469887917677  4.711581041471
10.720198875844  4.7076882083012
12.38715441321  4.7037953751313
13.858831054977  4.6999025419615
15.192105650772  4.6960097087916
16.420743779791  4.6921168756218
17.566731744602  4.6882240424519
18.645331925977  4.684331209282
19.667650135466  4.6804383761122
20.642065487437  4.6765455429423
21.575084035543  4.6726527097725
22.471876856286  4.6687598766026
23.336634400298  4.6648670434328
24.172808413913  4.6609742102629
24.983282173159  4.657081377093
25.770493396237  4.6531885439232
26.53652497974  4.6492957107533
27.283173288923  4.6454028775835
28.012000435378  4.6415100444136
28.724374903939  4.6376172112439
29.421503552503  4.633724378074
30.104457122815  4.6298315449042
30.77419080097  4.6259387117343
31.431560953001  4.6220458785644
32.077338870553  4.6181530453946
32.712222154464  4.6142602122247
33.336844213994  4.6103673790549
33.951782249313  4.606474545885
34.557564003038  4.6025817127152
35.154673505037  4.5986888795453
35.743555988059  4.5947960463754
36.324622115849  4.5909032132056
36.898251637701  4.5870103800357
37.464796561724  4.5831175468659
38.024583922058  4.579224713696
38.577918201764  4.5753318805262
39.125083462321  4.5714390473563
39.666345222008  4.5675462141865
40.201952118412  4.5636533810166
40.732137384624  4.5597605478467
41.257120164019  4.5558677146769
41.777106684656  4.551974881507
42.292291311207  4.5480820483372
42.802857489648  4.5441892151674
43.308978597789  4.5402963819976
43.810818712846  4.5364035488277
44.308533305755  4.5325107156578
44.802269870569  4.528617882488
45.292168496226  4.5247250493181
45.778362386996  4.5208322161483
46.260978337134  4.5169393829784
46.740137164562  4.5130465498086
47.215954107838  4.5091537166387
47.688539190118  4.5052608834688
48.157997553432  4.501368050299
48.624429766158  4.4974752171291
49.0879321063  4.4935823839593
49.548596822841  4.4896895507894
50.006512377221  4.4857967176196
50.46176366676  4.4819038844497
50.914432231646  4.4780110512799
51.364596446951  4.47411821811
51.812331700979  4.4702253849401
52.257710561114  4.4663325517703
52.700802928234  4.4624397186004
53.141676180641  4.4585468854306
53.580395308362  4.4546540522608
54.017023038602  4.450761219091
54.451619953066  4.4468683859211
54.884244597771  4.4429755527512
55.314953585941  4.4390827195814
55.743801694513  4.4351898864115
56.170841954735  4.4312970532417
56.596125737297  4.4274042200718
57.019702832389  4.423511386902
57.441621525071  4.4196185537321
57.861928666274  4.4157257205622
58.280669739745  4.4118328873924
58.697888925229  4.4079400542225
59.113629158138  4.4040472210527
59.527932185947  4.4001543878828
59.940838621542  4.396261554713
60.352387993721  4.3923687215431
60.76261879504  4.3884758883733
61.171568527165  4.3845830552034
61.579273743908  4.3806902220335
61.985770092078  4.3767973888637
62.391092350298  4.3729045556938
62.795274465908  4.369011722524
63.198349590073  4.3651188893541
63.60035011121  4.3612260561844
64.001307686831  4.3573332230145
64.401253273901  4.3534403898446
64.800217157794  4.3495475566748
65.198228979942  4.3456547235049
65.595317764236  4.3417618903351
65.991511942268  4.3378690571652
66.386839377465  4.3339762239954
66.781327388201  4.3300833908255
67.175002769911  4.3261905576557
67.567891816302  4.3222977244858
67.960020339682  4.3184048913159
68.351413690468  4.3145120581461
68.742096775916  4.3106192249762
69.132094078123  4.3067263918064
69.521429671326  4.3028335586365
69.910127238549  4.2989407254667
70.298210087632  4.2950478922968
70.685701166664  4.2911550591269
71.072623078867  4.2872622259571
71.458998096953  4.2833693927872
71.844848176985  4.2794765596174
72.230194971757  4.2755837264475
72.615059843743  4.2716908932778
72.999463877612  4.2677980601079
73.38342789235  4.263905226938
73.766972452998  4.2600123937682
74.150117882042  4.2561195605983
74.532884270452  4.2522267274285
74.915291488413  4.2483338942586
75.297359195746  4.2444410610888
75.679106852045  4.2405482279189
76.060553726546  4.2366553947491
76.441718907738  4.2327625615792
76.82262131274  4.2288697284093
77.203279696441  4.2249768952395
77.583712660439  4.2210840620696
77.963938661772  4.2171912288998
78.343976021461  4.2132983957299
78.723842932885  4.2094055625601
79.103557469978  4.2055127293902
79.483137595287  4.2016198962203
79.86260116787  4.1977270630505
80.241965951076  4.1938342298806
80.621249620195  4.1899413967108
81.00046976999  4.1860485635409
81.379643922133  4.1821557303711
81.758789532541  4.1782628972013
82.137923998624  4.1743700640315
82.517064666461  4.1704772308616
82.896228837897  4.1665843976917
83.27543377759  4.1626915645219
83.654696719997  4.158798731352
84.034034876316  4.1549058981822
84.413465441391  4.1510130650123
84.793005600593  4.1471202318425
85.172672536671  4.1432273986726
85.552483436593  4.1393345655027
85.932455498378  4.1354417323329
86.312605937938  4.131548899163
86.692951995914  4.1276560659932
87.073510944541  4.1237632328233
87.45430009453  4.1198703996535
87.835336801984  4.1159775664836
88.216638475356  4.1120847333137
88.598222582445  4.1081919001439
88.980106657459  4.104299066974
89.362308308131  4.1004062338042
89.744845222914  4.0965134006343
90.127735178246  4.0926205674645
90.510996045914  4.0887277342947
90.894645800505  4.0848349011249
91.278702526969  4.080942067955
91.66318442829  4.0770492347851
92.048109833286  4.0731564016153
92.433497204541  4.0692635684454
92.819365146476  4.0653707352756
93.205732413581  4.0614779021057
93.592617918802  4.0575850689359
93.980040742108  4.053692235766
94.368020139243  4.0497994025961
94.756575550679  4.0459065694263
95.145726610768  4.0420137362564
95.535493157129  4.0381209030866
95.925895240265  4.0342280699167
96.316953133428  4.0303352367469
96.708687342755  4.026442403577
97.101118617669  4.0225495704071
97.494267961595  4.0186567372373
97.888156642966  4.0147639040674
98.282806206572  4.0108710708976
98.678238485254  4.0069782377277
99.074475611952  4.0030854045579
99.471540032157  3.999192571388
99.869454516753  3.9952997382183
100.2682421753  3.9914069050484
100.66792646975  3.9875140718785
101.06853122869  3.9836212387087
101.47008066201  3.9797284055388
101.87259937617  3.975835572369
102.27611238998  3.9719427391991
102.68064515101  3.9680499060293
103.08622355262  3.9641570728594
103.49287395156  3.9602642396895
103.90062318642  3.9563714065197
104.30949859666  3.9524785733498
104.71952804254  3.94858574018
105.13073992575  3.9446929070101
105.54316321099  3.9408000738403
105.95682744845  3.9369072406704
106.37176279721  3.9330144075005
106.78800004971  3.9291215743307
107.2055706573  3.9252287411608
107.62450675688  3.921335907991
108.04484119885  3.9174430748211
108.46660757624  3.9135502416513
108.88984025531  3.9096574084814
109.31457440748  3.9057645753117
109.74084604294  3.9018717421418
110.16869204576  3.8979789089719
110.5981502108  3.8940860758021
111.02925928251  3.8901932426322
111.46205899558  3.8863004094624
111.89659011778  3.8824075762925
112.33289449501  3.8785147431227
112.77101509868  3.8746219099528
113.21099607571  3.8707290767829
113.65288280117  3.8668362436131
114.09672193381  3.8629434104432
114.54256147479  3.8590505772734
114.99045082959  3.8551577441035
115.44044087355  3.8512649109337
115.89258402122  3.8473720777638
116.34693429975  3.8434792445939
116.8035474267  3.8395864114241
117.26248089256  3.8356935782542
117.72379404835  3.8318007450844
118.18754819866  3.8279079119145
118.65380670059  3.8240150787447
119.1226350691  3.8201222455748
119.5941010891  3.8162294124049
120.06827493514  3.8123365792352
120.54522929897  3.8084437460653
121.02503952594  3.8045509128955
121.50778376078  3.8006580797256
121.99354310372  3.7967652465558
122.4824017777  3.7928724133859
122.97444730786  3.7889795802161
123.46977071423  3.7850867470462
123.96846671896  3.7811939138763
124.47063396942  3.7773010807065
124.97637527865  3.7734082475366
125.48579788493  3.7695154143668
125.99901373224  3.7656225811969
126.51613977383  3.7617297480271
127.03729830122  3.7578369148572
127.56261730122  3.7539440816873
128.09223084409  3.7500512485175
128.62627950608  3.7461584153476
129.16491083031  3.7422655821778
129.70827983012  3.7383727490079
130.25654954002  3.7344799158381
130.80989161964  3.7305870826682
131.36848701721  3.7266942494983
131.93252669979  3.7228014163286
132.5022124588  3.7189085831587
133.07775780033  3.7150157499889
133.65938893162  3.711122916819
134.24734585663  3.7072300836492
134.84188359577  3.7033372504793
135.44327354752  3.6994444173095
136.05180501255  3.6955515841396
136.66778690487  3.6916587509697
137.29154967853  3.6877659177999
137.92344750436  3.68387308463
138.56386073731  3.6799802514602
139.21319872341  3.6760874182903
139.87190300517  3.6721945851205
140.54045099693  3.6683017519506
141.21936021699  3.6644089187807
141.90919318336  3.6605160856109
142.61056310482  3.656623252441
143.32414053107  3.6527304192712
144.05066116721  3.6488375861013
144.79093511174  3.6449447529315
145.54585784838  3.6410519197616
146.31642341654  3.6371590865917
147.10374031251  3.6332662534219
147.90905084686  3.6293734202521
148.73375492261  3.6254805870823
149.57943953452  3.6215877539124
150.44791576683  3.6176949207426
151.34126575906  3.6138020875727
152.26190313225  3.6099092544029
153.21265191273  3.606016421233
154.1968513826  3.6021235880631
155.21849809194  3.5982307548933
156.2824425188  3.5943379217234
157.39466850635  3.5904450885536
158.56270250775  3.5865522553837
159.79623493904  3.5826594222139
161.10810577926  3.578766589044
162.5159552535  3.5748737558741
164.04518723326  3.5709809227043
165.7348036069  3.5670880895344
167.65048058525  3.5631952563646
169.9203206667  3.5593024231947
172.87516811193  3.5554095900249
180  3.551516756855


