#d+<sup>12</sup>C&rarr;d+<sup>12</sup>C, <em>E<sub>k</sub></em>(d)=2 MeV
#<em>&theta;</em><sub>3</sub>, <em>KE</em><sub>3</sub>
180  1.0152177191217
172.04918261448  1.0185003267245
168.75662940735  1.0217829343276
166.23065961948  1.0250655419304
164.10155258678  1.0283481495333
162.22608250603  1.0316307571363
160.53078468812  1.0349133647392
158.97201139378  1.0381959723422
157.52131920624  1.0414785799451
156.15894787614  1.0447611875479
154.87050743195  1.048043795151
153.64513245986  1.0513264027538
152.47437983342  1.0546090103569
151.35153367188  1.0578916179597
150.27114747144  1.0611742255626
149.22873140577  1.0644568331657
148.22053221365  1.0677394407685
147.24337421984  1.0710220483713
146.29454193457  1.0743046559744
145.37169166524  1.0775872635772
144.47278383061  1.0808698711803
143.59603034191  1.0841524787832
142.73985314354  1.087435086386
141.90285114991  1.0907176939891
141.08377358901  1.0940003015919
140.28149829762  1.0972829091947
139.49501388815  1.1005655167978
138.72340497498  1.1038481244007
137.96583984212  1.1071307320037
137.22156007642  1.1104133396066
136.48987179644  1.1136959472094
135.77013818665  1.1169785548125
135.06177310701  1.1202611624153
134.36423559445  1.1235437700184
133.67702510863  1.1268263776212
132.99967740241  1.1301089852241
132.33176091943  1.1333915928271
131.67287363897  1.13667420043
131.02264030182  1.1399568080328
130.38070996251  1.1432394156359
129.74675382204  1.1465220232387
129.12046330294  1.1498046308418
128.50154833407  1.1530872384446
127.8897358182  1.1563698460475
127.2847682588  1.1596524536506
126.68640252647  1.1629350612534
126.09440874789  1.1662176688562
125.50856930289  1.1695002764593
124.92867791683  1.1727828840621
124.35453883765  1.1760654916652
123.78596608793  1.1793480992681
123.22278278399  1.1826307068709
122.66482051455  1.185913314474
122.11191877295  1.1891959220768
121.5639244372  1.1924785296799
121.02069129313  1.1957611372827
120.48207959632  1.1990437448856
119.94795566895  1.2023263524886
119.41819152837  1.2056089600915
118.89266454422  1.2088915676943
118.37125712156  1.2121741752974
117.85385640761  1.2154567829002
117.34035402  1.2187393905033
116.83064579455  1.2220219981061
116.32463155099  1.225304605709
115.82221487503  1.228587213312
115.32330291536  1.2318698209149
114.82780619447  1.2351524285177
114.33563843197  1.2384350361208
113.84671637962  1.2417176437236
113.36095966694  1.2450002513267
112.87829065671  1.2482828589295
112.39863430952  1.2515654665324
111.92191805674  1.2548480741355
111.44807168121  1.2581306817383
110.97702720514  1.2614132893411
110.50871878464  1.2646958969442
110.04308261044  1.267978504547
109.58005681437  1.2712611121501
109.11958138113  1.274543719753
108.66159806504  1.2778263273558
108.20605031141  1.2811089349589
107.75288318223  1.2843915425617
107.30204328587  1.2876741501648
106.85347871051  1.2909567577676
106.40713896112  1.2942393653705
105.96297489968  1.2975219729735
105.52093868852  1.3008045805764
105.08098373647  1.3040871881792
104.64306464774  1.3073697957823
104.20713717336  1.3106524033851
103.77315816496  1.3139350109882
103.34108553075  1.317217618591
102.91087819366  1.3205002261939
102.4824960514  1.3237828337969
102.05589993843  1.3270654413998
101.6310515896  1.3303480490026
101.20791360553  1.3336306566057
100.78644941942  1.3369132642085
100.36662326548  1.3401958718116
99.94840014861  1.3434784794144
99.53174581543  1.3467610870173
99.116626726567  1.3500436946204
98.703010030073  1.3533263022232
98.290863535958  1.3566089098263
97.880155691769  1.3598915174291
97.470855559148  1.3631741250319
97.062932791323  1.366456732635
96.656357611496  1.3697393402379
96.251100792049  1.3730219478407
95.847133634565  1.3763045554438
95.444427950586  1.3795871630466
95.042956043093  1.3828697706497
94.642690688663  1.3861523782525
94.243605120265  1.3894349858554
93.84567301067  1.3927175934584
93.448868456441  1.3960002010613
93.053165962462  1.3992828086641
92.658540427006  1.4025654162672
92.264967127284  1.40584802387
91.872421705475  1.4091306314731
91.48088015519  1.4124132390759
91.09031880838  1.4156958466788
90.700714322626  1.4189784542818
90.312043668828  1.4222610618847
89.924284119246  1.4255436694875
89.537413235896  1.4288262770906
89.151408859264  1.4321088846934
88.766249097339  1.4353914922965
88.38191231493  1.4386740998993
87.998377123274  1.4419567075022
87.615622369902  1.4452393151053
87.233627128751  1.4485219227081
86.852370690526  1.4518045303112
86.471832553269  1.455087137914
86.091992413155  1.4583697455168
85.712830155476  1.4616523531199
85.334325845819  1.4649349607228
84.956459721417  1.4682175683256
84.579212182671  1.4715001759287
84.202563784818  1.4747827835315
83.826495229757  1.4780653911346
83.450987357998  1.4813479987374
83.076021140744  1.4846306063403
82.701577672089  1.4879132139433
82.327638161321  1.4911958215462
81.954183925327  1.494478429149
81.581196381084  1.4977610367521
81.208657038234  1.5010436443549
80.836547491733  1.504326251958
80.464849414564  1.5076088595608
80.093544550505  1.5108914671637
79.72261470695  1.5141740747667
79.352041747766  1.5174566823696
78.981807586188  1.5207392899727
78.611894177736  1.5240218975755
78.242283513151  1.5273045051783
77.872957611342  1.5305871127814
77.50389851233  1.5338697203842
77.135088270193  1.5371523279871
76.766508945994  1.5404349355902
76.398142600686  1.543717543193
76.029971287989  1.5470001507961
75.661977047235  1.5502827583989
75.294141896154  1.5535653660017
74.926447823622  1.5568479736048
74.558876782333  1.5601305812077
74.19141068141  1.5634131888105
73.824031378931  1.5666957964136
73.456720674367  1.5699784040164
73.089460300921  1.5732610116195
72.722231917765  1.5765436192223
72.355017102151  1.5798262268252
71.987797341403  1.5831088344282
71.620554024767  1.5863914420311
71.25326843511  1.5896740496341
70.885921740467  1.592956657237
70.518494985409  1.5962392648398
70.150969082236  1.5995218724429
69.783324801961  1.6028044800457
69.415542765103  1.6060870876486
69.047603432242  1.6093696952516
68.679487094347  1.6126523028545
68.311173862849  1.6159349104576
67.942643659447  1.6192175180604
67.573876205631  1.6225001256632
67.204851011907  1.6257827332663
66.835547366702  1.6290653408691
66.465944324931  1.632347948472
66.096020696207  1.6356305560751
65.725755032677  1.6389131636779
65.355125616453  1.642195771281
64.984110446624  1.6454783788838
64.612687225819  1.6487609864866
64.240833346292  1.6520435940897
63.868525875515  1.6553262016926
63.495741541231  1.6586088092954
63.122456715955  1.6618914168985
62.748647400872  1.6651740245013
62.374289209111  1.6684566321044
61.999357348359  1.6717392397072
61.623826602758  1.6750218473101
61.247671314067  1.6783044549131
60.870865362026  1.681587062516
60.493382143886  1.684869670119
60.115194553046  1.6881522777219
59.736274956754  1.6914348853247
59.356595172798  1.6947174929278
58.976126445145  1.6980001005306
58.594839418445  1.7012827081335
58.21270411134  1.7045653157365
57.829689888501  1.7078479233394
57.445765431302  1.7111305309425
57.060898707059  1.7144131385453
56.675056936731  1.7176957461481
56.288206560985  1.7209783537512
55.900313204511  1.724260961354
55.511341638485  1.7275435689569
55.121255741034  1.73082617656
54.730018455584  1.7341087841628
54.337591746938  1.7373913917659
53.943936554917  1.7406739993687
53.549012745415  1.7439566069716
53.15277905865  1.7472392145746
52.75519305444  1.7505218221775
52.35621105426  1.7538044297805
51.955788079864  1.7570870373834
51.553877788187  1.7603696449862
51.150432402273  1.7636522525893
50.745402637895  1.7669348601921
50.33873762555  1.770217467795
49.930384827446  1.773500075398
49.520289949091  1.7767826830009
49.108396845032  1.7800652906039
48.694647418271  1.7833478982068
48.278981512809  1.7866305058096
47.861336798753  1.7899131134127
47.441648649319  1.7931957210155
47.019850009034  1.7964783286184
46.595871252345  1.7997609362214
46.169640031752  1.8030435438243
45.741081114513  1.8063261514274
45.310116206841  1.8096087590302
44.876663764386  1.812891366633
44.440638787687  1.8161739742361
44.001952601089  1.8194565818389
43.560512613471  1.8227391894418
43.116222058905  1.8260217970449
42.668979715156  1.8293044046477
42.218679597661  1.8325870122508
41.765210626314  1.8358696198536
41.308456262037  1.8391522274565
40.848294109747  1.8424348350595
40.384595483792  1.8457174426624
39.917224931468  1.8490000502654
39.446039709541  1.8522826578683
38.97088920799  1.8555652654711
38.491614314316  1.8588478730742
38.008046710752  1.862130480677
37.520008095505  1.8654130882799
37.027309317763  1.8686956958829
36.529749414487  1.8719783034858
36.027114535031  1.8752609110888
35.519176737192  1.8785435186917
35.005692635408  1.8818261262945
34.486401878291  1.8851087338976
33.961025428444  1.8883913415004
33.429263612218  1.8916739491033
32.890793900732  1.8949565567063
32.345268375442  1.8982391643092
31.792310821729  1.9015217719123
31.23151338157  1.9048043795151
30.662432680704  1.9080869871179
30.084585325931  1.911369594721
29.497442642664  1.9146522023239
28.900424490095  1.9179348099269
28.292891948426  1.9212174175298
27.674138616318  1.9245000251326
27.043380181626  1.9277826327357
26.39974182758  1.9310652403385
25.74224289903  1.9343478479414
25.069778063428  1.9376304555444
24.38109393512  1.9409130631473
23.674759752524  1.9441956707503
22.9491301485  1.9474782783532
22.202297242294  1.950760885956
21.432028054822  1.9540434935591
20.635681350005  1.9573261011619
19.810094982397  1.9606087087648
18.95142986716  1.9638913163678
18.054948234862  1.9671739239707
17.114688819927  1.9704565315737
16.122973612841  1.9737391391766
15.069625320251  1.9770217467794
13.940656527058  1.9803043543825
12.715915970823  1.9835869619853
11.364453637807  1.9868695695884
9.8341307850236  1.9901521771912
8.023207063918  1.9934347847941
5.6688049262136  1.9967173923972
0  2


