#d+<sup>12</sup>C&rarr;<sup>13</sup>N+n, <em>E<sub>k</sub></em>(d)=2 MeV
#<em>&theta;</em><sub>3</sub>, <em>&theta;</em><sub>4</sub>
0  0
10.612134766301  5.8852933269388
14.665079504923  8.329309816929
17.566553020899  10.208956166263
19.854906859579  11.797179640767
21.745043924689  13.199621583395
23.350038424275  14.470421641549
24.738525770371  15.64171856954
25.956028889704  16.734438214061
27.034625279971  17.763106042537
27.997934516846  18.738291108616
28.863939189276  19.667967167117
29.646694257658  20.558325240313
30.357419945934  21.414285799415
31.005231173746  22.239836049208
31.597641836891  23.038260191835
32.140923806819  23.812301453228
32.640368922327  24.564279066494
33.100484292522  25.296174628925
33.525140589988  26.00969709468
33.917686475569  26.706332526816
34.281038151084  27.387382760412
34.617750334962  28.053995854869
34.930073151891  28.707190370343
35.219998196644  29.347874932949
35.489296175836  29.976864159795
35.739547925063  30.594891738599
35.972170162691  31.202621259395
36.188437023395  31.800655253024
36.389498179194  32.38954278627
36.576394179703  32.969785885612
36.750069510103  33.541845003006
36.911383763467  34.106143692639
37.061121245557  34.663072633495
37.199999268973  35.212993106162
37.328675345573  35.756240011688
37.447753448092  36.293124504091
37.55778948163  36.82393629525
37.659296081456  37.348945680653
37.752746833974  37.868405326223
37.838580001835  38.382551849761
37.91720182119  38.891607225132
37.98898942846  39.395780032886
38.054293465206  39.895266577331
38.113440402424  40.390251887088
38.16673461953  40.880910613635
38.214460268249  41.367407840272
38.256882947367  41.849899812176
38.29425121075  42.328534596762
38.326797927979  42.803452682298
38.354741514413  43.274787521699
38.378287045286  43.742666027504
38.397627266602  44.207209023301
38.412943513953  44.668531656178
38.424406549057  45.126743774247
38.432177322606  45.581950272794
38.436407670976  46.034251412174
38.437240953497  46.483743110233
38.434812636186  46.930517211702
38.42925082719  47.374661736756
38.420676768588  47.81626111066
38.409205288696  48.25539637625
38.394945218576  48.692145390784
38.377999776049  49.126583008559
38.35846692015  49.558781250523
38.336439678697  49.98880946201
38.312006451331  50.416734459602
38.285251290173  50.842620668013
38.256254160021  51.266530247828
38.225091179819  51.688523214832
38.191834846976  52.108657551596
38.156554245941  52.526989311934
38.119315242327  52.943572718781
38.080180663741  53.358460255999
38.039210468393  53.771702754563
37.996461902419  54.183349473554
37.951989646829  54.593448176335
37.905845954838  55.002045202255
37.858080780346  55.409185534222
37.808741898203  55.814912862406
37.757875016885  56.219269644373
37.705523884124  56.622297161877
37.651730386015  57.024035574546
37.596534640062  57.424523970673
37.539975082586  57.823800415296
37.482088550903  58.221901995759
37.422910360628  58.618864864912
37.362474378432  59.014724282095
37.300813090579  59.409514652062
37.237957667511  59.803269561969
37.173938024748  60.19602181654
37.108782880348  60.587803471535
37.042519809149  60.978645865619
36.975175294006  61.368579650729
36.9067747742  61.757634821034
36.837342691219  62.14584074056
36.766902532057  62.533226169579
36.695476870198  62.919819289812
36.623087404418  63.305647728534
36.549754995542  63.690738581636
36.475499701279  64.075118435697
36.400340809251  64.458813389141
36.324296868319  64.841849072512
36.24738571831  65.224250667925
36.169624518228  65.606042927744
36.091029773058  65.987250192517
36.011617359213  66.367896408219
35.931402548727  66.748005142846
35.850400032249  67.127599602372
35.768623940907  67.506702646137
35.68608786711  67.88533680167
35.602804884337  68.26352427899
35.518787565973  68.641286984413
35.434048003246  69.018646533886
35.348597822294  69.395624265879
35.262448200441  69.772241253863
35.175609881688  70.14851831838
35.088093191477  70.524476038748
34.999908050769  70.900134764407
34.911063989457  71.275514625928
34.821570159158  71.650635545708
34.731435345406  72.02551724837
34.640667979283  72.400179270868
34.549276148512  72.774640972341
34.457267608032  73.148921543707
34.364649790093  73.523040017019
34.271429813877  73.897015274608
34.177614494678  74.270866058006
34.083210352659  74.644610976681
33.988223621199  75.018268516583
33.892660254861  75.391857048521
33.796525936979  75.765394836375
33.6998260869  76.138900045167
33.602565866879  76.512390748982
33.504750188654  76.885884938768
33.406383719709  77.259400530012
33.307470889231  77.632955370313
33.20801589379  78.006567246848
33.10802270273  78.380253893748
33.007495063309  78.754032999401
32.90643650557  79.12792221367
32.804850346974  79.50193915505
32.702739696791  79.876101417777
32.600107460261  80.25042657887
32.496956342542  80.624932205155
32.393288852428  80.99963586024
32.289107305875  81.374555111471
32.18441382932  81.749707536875
32.0792103628  82.125110732087
31.973498662889  82.500782317284
31.867280305448  82.876739944116
31.760556688195  83.253001302658
31.653329033102  83.629584128383
31.545598388619  84.006506209161
31.437365631734  84.383785392297
31.328631469867  84.761439591619
31.219396442606  85.139486794606
31.109660923284  85.517945069595
30.999425120408  85.896832573037
30.888689078923  86.276167556848
30.777452681341  86.655968375835
30.665715648711  87.036253495218
30.553477541448  87.417041498259
30.440737760013  87.798351093994
30.327495545454  88.1802011251
30.213749979797  88.562610575878
30.099499986298  88.945598580384
29.984744329551  89.329184430711
29.869481615457  89.713387585425
29.75371029104  90.09822767818
29.637428644132  90.483724526508
29.520634802901  90.869898140812
29.403326735248  91.256768733552
29.285502248042  91.644356728659
29.167158986213  92.032682771179
29.048294431702  92.421767737155
28.928905902244  92.81163274377
28.808990550007  93.202299159771
28.688545360067  93.593788616165
28.567567148725  93.986123017232
28.446052561658  94.379324551856
28.3239980719  94.773415705189
28.201399977656  95.168419270676
28.078254399928  95.564358362456
27.954557279972  95.961256428157
27.830304376555  96.359137262109
27.705491263028  96.758025018997
27.580113324192  97.157944227977
27.454165752959  97.558919807279
27.327643546806  97.96097707933
27.200541503995  98.364141786409
27.072854219571  98.768440106886
26.944576081122  99.17389867205
26.815701264281  99.580544583587
26.686223727977  99.988405431713
26.556137209413  100.39750931402
26.425435218759  100.80788485509
26.294111033555  101.21956122682
26.162157692799  101.6325681697
26.029567990716  102.04693601487
25.896334470186  102.4626957071
25.762449415818  102.87987882886
25.627904846649  103.29851762527
25.492692508448  103.71864503029
25.356803865612  104.14029469398
25.220230092625  104.56350101101
25.082962065053  104.98829915049
24.944990350062  105.41472508713
24.806305196419  105.84281563396
24.666896523962  106.27260847647
24.526753912486  106.70414220849
24.385866590033  107.13745636982
24.244223420537  107.57259148561
24.101812890795  108.0095891079
23.958623096706  108.44849185906
23.814641728757  108.88934347763
23.66985605668  109.33218886644
23.524252913254  109.77707414334
23.377818677179  110.22404669461
23.23053925496  110.67315523126
23.08240006175  111.12444984846
22.933386001067  111.57798208824
22.78348144331  112.03380500576
22.632670202998  112.49197323936
22.480935514627  112.95254308467
22.328260007065  113.41557257313
22.174625676358  113.88112155513
22.020013856844  114.34925178822
21.864405190445  114.82002703074
21.707779593991  115.29351314127
21.550116224431  115.76977818441
21.391393441765  116.24889254326
21.231588769513  116.73092903932
21.070678852523  117.2159630603
20.908639411894  117.70407269643
20.745445196784  118.19533888618
20.581069932831  118.68984557202
20.415486266898  119.1876798671
20.248665707816  119.68893223397
20.080578562782  120.19369667614
19.911193868994  120.70207094396
19.740479320118  121.21415675581
19.568401187075  121.73006003637
19.394924232622  122.2498911733
19.220011619117  122.77376529433
19.043624808811  123.30180256662
18.865723455895  123.83412852079
18.686265289474  124.37087440198
18.505205986516  124.91217755087
18.322499033707  125.45818181782
18.138095577022  126.00903801372
17.95194425763  126.56490440158
17.763991032619  127.12594723352
17.574178978761  127.69234133833
17.382448077352  128.26427076567
17.188734977817  128.84192949347
16.992972737498  129.42552220669
16.795090534607  130.01526515601
16.595013350898  130.61138710703
16.392661620062  131.21413039182
16.187950837219  131.8237520766
15.980791124113  132.44052526165
15.771086743713  133.06474053235
15.558735556854  133.69670758317
15.343628412219  134.33675704072
15.12564845941  134.98524251641
14.904670372907  135.64254292502
14.680559472382  136.30906511283
14.453170721943  136.98524684696
14.22234758731  137.67156022887
13.987920725469  138.3685156078
13.749706475808  139.07666608679
13.507505114686  139.79661273455
13.261098826506  140.52901064361
13.010249332888  141.27457600856
12.754695106826  142.03409444286
12.494148079433  142.80843080972
12.228289721581  143.59854091818
11.956766349028  144.40548553612
11.6791834543  145.23044730706
11.395098806826  146.07475134179
11.104013977545  146.93989051051
10.805363824745  147.82755681702
10.498503307738  148.73968074441
10.182690748488  149.67848119659
9.8570662968764  150.64652974688
9.5206238049118  151.64683454643
9.1721734631332  152.6829517861
8.8102911965102  153.7591366491
8.4332485904261  154.88055233197
8.0389133258675  156.05356701763
7.6246033701292  157.28618876099
7.1868656060506  158.58872570965
6.7211247067023  159.97483325757
6.2210950989666  161.46326765194
5.6777253390162  163.08103386807
5.0771198937182  164.86958257991
4.3958815678135  166.89869779
3.5883779163645  169.30446322326
2.5367688175271  172.43825264814
0  180


