#d+<sup>12</sup>C&rarr;<sup>13</sup>C+p, <em>E<sub>k</sub></em>(d)=2 MeV
#<em>&theta;</em><sub>3</sub>, <em>KE</em><sub>3</sub>
180  0.0023757121889503
124.6125502256  0.0062685453576705
114.12687178163  0.01016137852821
108.4079254734  0.014054211698749
104.55517663447  0.017947044867469
101.67245423237  0.021839878038008
99.374920227353  0.025732711206729
97.465017430536  0.029625544377268
95.829003436938  0.033518377547807
94.395893612928  0.037411210716527
93.118648107682  0.041304043887067
91.964611016509  0.045196877055787
90.910254325818  0.049089710226326
89.938103925156  0.052982543396865
89.034849400496  0.056875376565586
88.190132528356  0.060768209736125
87.39574318657  0.064661042906664
86.645069518718  0.068553876075384
85.932712140367  0.072446709245924
85.254207283551  0.076339542414644
84.605824138634  0.080232375585183
83.984413873243  0.084125208755722
83.387295366148  0.088018041924443
82.812167494736  0.091910875094982
82.257040937892  0.095803708265521
81.720184531712  0.099696541434241
81.200082622079  0.10358937460478
80.695400828217  0.1074822077735
80.204958311293  0.11137504094404
79.727705125743  0.11526787411458
79.262703579742  0.1191607072833
78.809112785837  0.12305354045384
78.366175770831  0.12694637362438
77.933208654423  0.1308392067931
77.509591512032  0.13473203996364
77.094760617845  0.13862487313236
76.688201826066  0.1425177063029
76.289444896304  0.14641053947344
75.898058606437  0.15030337264216
75.513646525734  0.1541962058127
75.135843344294  0.15808903898323
74.7643116734  0.16198187215196
74.39873924627  0.16587470532249
74.038836460688  0.16976753849121
73.684334214681  0.17366037166175
73.334981994373  0.17755320483229
72.990546179611  0.18144603800101
72.650808538308  0.18533887117155
72.315564884855  0.18923170434209
71.984623881641  0.19312453751081
71.657805965749  0.19701737068135
71.334942385479  0.20091020385007
71.015874333486  0.20480303702061
70.700452165148  0.20869587019115
70.388534692288  0.21258870335987
70.079988543714  0.21648153653041
69.774687585123  0.22037436970095
69.472512391872  0.22426720286967
69.173349768939  0.22816003604021
68.877092313086  0.23205286920893
68.583638012852  0.23594570237947
68.292889882503  0.23983853555001
68.00475562655  0.24373136871873
67.719147331796  0.24762420188927
67.43598118426  0.25151703505799
67.155177208588  0.25540986822853
66.876659027838  0.25930270139906
66.60035364175  0.26319553456779
66.326191221825  0.26708836773832
66.054104921686  0.27098120090886
65.784030701383  0.27487403407758
65.515907164415  0.27876686724812
65.249675406381  0.28265970041684
64.985278874272  0.28655253358738
64.722663235515  0.29044536675792
64.461776255963  0.29433819992664
64.202567686103  0.29823103309718
63.94498915483  0.30212386626772
63.688994070171  0.30601669943644
63.434537526437  0.30990953260698
63.18157621729  0.3138023657757
62.930068354279  0.31769519894624
62.679973590438  0.32158803211678
62.431252948567  0.3254808652855
62.183868753847  0.32937369845604
61.937784570484  0.33326653162658
61.692965142086  0.3371593647953
61.449376335509  0.34105219796584
61.206985087936  0.34494503113456
60.965759356952  0.3488378643051
60.725668073429  0.35273069747564
60.486681097008  0.35662353064436
60.248769174024  0.3605163638149
60.011903897697  0.36440919698543
59.776057670456  0.36830203015415
59.541203668239  0.37219486332469
59.307315806659  0.37608769649341
59.074368708905  0.37998052966395
58.842337675281  0.38387336283449
58.611198654266  0.38776619600321
58.380928215014  0.39165902917375
58.151503521202  0.39555186234429
57.922902306136  0.39944469551301
57.695102849059  0.40333752868355
57.468083952564  0.40723036185227
57.241824921067  0.41112319502281
57.016305540275  0.41501602819335
56.791506057575  0.41890886136207
56.567407163316  0.42280169453261
56.343989972913  0.42669452770133
56.121236009733  0.43058736087187
55.899127188725  0.43448019404241
55.67764580074  0.43837302721113
55.456774497516  0.44226586038167
55.23649627728  0.44615869355221
55.016794470939  0.45005152672093
54.79765272883  0.45394435989147
54.579055007988  0.45783719306019
54.360985559924  0.46173002623073
54.143428918857  0.46562285940126
53.926369890405  0.46951569256998
53.709793540691  0.47340852574052
53.493685185848  0.47730135891106
53.278030381903  0.48119419207978
53.062814915021  0.48508702525032
52.848024792082  0.48897985841904
52.633646231581  0.49287269158958
52.419665654839  0.49676552476012
52.206069677488  0.50065835792884
51.99284510124  0.50455119109938
51.779978905909  0.50844402426992
51.567458241677  0.51233685743864
51.35527042159  0.51622969060918
51.143402914274  0.5201225237779
50.93184333686  0.52401535694844
50.720579448094  0.52790819011898
50.509599141646  0.5318010232877
50.298890439576  0.53569385645824
50.088441485977  0.53958668962878
49.878240540767  0.5434795227975
49.668275973623  0.54737235596804
49.458536258055  0.55126518913676
49.249009965609  0.5551580223073
49.039685760182  0.55905085547784
48.830552392457  0.56294368864656
48.621598694439  0.56683652181709
48.412813574084  0.57072935498763
48.20418601002  0.57462218815635
47.995705046353  0.57851502132689
47.787359787547  0.58240785449561
47.579139393368  0.58630068766615
47.371033073897  0.59019352083669
47.163030084599  0.59408635400541
46.95511972144  0.59797918717595
46.747291316044  0.60187202034467
46.5395342309  0.60576485351521
46.331837854588  0.60965768668575
46.124191597041  0.61355051985447
45.91658488482  0.61744335302501
45.709007156414  0.62133618619555
45.501447857537  0.62522901936427
45.293896436438  0.62912185253481
45.086342339207  0.63301468570353
44.878775005068  0.63690751887407
44.671183861663  0.64080035204461
44.46355832032  0.64469318521333
44.255887771284  0.64858601838387
44.048161578931  0.65247885155441
43.840369076936  0.65637168472313
43.632499563399  0.66026451789367
43.424542295924  0.66415735106239
43.216486486641  0.66805018423292
43.008321297163  0.67194301740346
42.800035833483  0.67583585057218
42.591619140782  0.67972868374272
42.383060198167  0.68362151691326
42.174347913311  0.68751435008198
41.965471116998  0.69140718325252
41.756418557567  0.69530001642124
41.547178895231  0.69919284959178
41.337740696292  0.70308568276232
41.128092427209  0.70697851593104
40.918222448538  0.71087134910158
40.708119008718  0.71476418227212
40.497770237702  0.71865701544084
40.287164140418  0.72254984861138
40.076288590047  0.7264426817801
39.86513132112  0.73033551495064
39.653679922402  0.73422834812118
39.441921829569  0.7381211812899
39.229844317652  0.74201401446044
39.017434493243  0.74590684763098
38.804679286448  0.7497996807997
38.591565442555  0.75369251397024
38.378079513437  0.75758534713896
38.164207848628  0.7614781803095
37.949936586094  0.76537101348003
37.735251642652  0.76926384664876
37.520138704033  0.77315667981929
37.30458321456  0.77704951298801
37.088570366419  0.78094234615855
36.872085088505  0.78483517932909
36.655112034808  0.78872801249781
36.437635572313  0.79262084566835
36.219639768399  0.79651367883889
36.001108377683  0.80040651200761
35.782024828295  0.80429934517815
35.562372207536  0.80819217834687
35.342133246892  0.81208501151741
35.121290306355  0.81597784468795
34.899825358007  0.81987067785667
34.677719968834  0.82376351102721
34.454955282697  0.82765634419775
34.231512001434  0.83154917736647
34.007370365006  0.83544201053701
33.782510130659  0.83933484370573
33.556910550998  0.84322767687627
33.330550350936  0.84712051004681
33.103407703415  0.85101334321553
32.875460203833  0.85490617638607
32.646684843077  0.85879900955661
32.417057979068  0.86269184272533
32.186555306711  0.86658467589587
31.955151826144  0.87047750906459
31.722821809145  0.87437034223512
31.489538763583  0.87826317540566
31.255275395754  0.88215600857438
31.020003570443  0.88604884174492
30.78369426855  0.88994167491546
30.546317542072  0.89383450808418
30.307842466263  0.89772734125472
30.06823708871  0.90162017442344
29.827468375118  0.90551300759398
29.585502151499  0.90940584076452
29.342303042496  0.91329867393324
29.09783440549  0.91719150710378
28.852058260158  0.92108434027432
28.604935213064  0.92497717344304
28.35642437686  0.92887000661358
28.10648328361  0.9327628397823
27.855067791704  0.93665567295284
27.602131985765  0.94054850612338
27.3476280689  0.9444413392921
27.091506246558  0.94833417246264
26.833714601173  0.95222700563136
26.574198956695  0.9561198388019
26.312902731976  0.96001267197244
26.049766781873  0.96390550514116
25.784729224784  0.9677983383117
25.517725255175  0.97169117148223
25.248686939454  0.97558400465095
24.977542993363  0.97947683782149
24.704218538787  0.98336967099021
24.428634837606  0.98726250416075
24.150708999884  0.99115533733129
23.8703536633  0.99504817050001
23.587476640282  0.99894100367055
23.301980528775  1.0028338368411
23.013762281947  1.0067266700098
22.722712731422  1.0106195031804
22.428716057745  1.0145123363491
22.131649200774  1.0184051695196
21.831381201436  1.0222980026901
21.527772464851  1.0261908358589
21.22067393301  1.0300836690294
20.909926153069  1.0339765021999
20.595358224722  1.0378693353687
20.276786606878  1.0417621685392
19.954013759985  1.0456550017079
19.62682659547  1.0495478348785
19.294994697719  1.053440668049
18.958268276459  1.0573335012177
18.616375797863  1.0612263343883
18.269021230566  1.0651191675588
17.915880827233  1.0690120007275
17.556599342277  1.0729048338981
17.190785560119  1.0767976670668
16.818006973986  1.0806905002373
16.437783409356  1.0845833334079
16.049579324539  1.0884761665766
15.652794436829  1.0923689997471
15.246752206667  1.0962618329177
14.830685549665  1.1001546660864
14.403718914887  1.1040474992569
13.964845532269  1.1079403324256
13.512898136169  1.1118331655962
13.046510722888  1.1157259987667
12.564067740246  1.1196188319354
12.063635261454  1.123511665106
11.542865664126  1.1274044982765
10.998862173132  1.1312973314452
10.427980458496  1.1351901646158
9.8255273716111  1.1390829977845
9.1852830254485  1.142975830955
8.4987002896297  1.1468686641256
7.7534675248765  1.1507614972943
6.930678575203  1.1546543304648
5.9984893032617  1.1585471636336
4.8947719297265  1.1624399968041
3.4590302731178  1.1663328299746
0  1.1702256631434


