#d+<sup>12</sup>C&rarr;d+<sup>12</sup>C, <em>E<sub>k</sub></em>(d)=2 MeV
#<em>&theta;</em><sub>4</sub>, <em>KE</em><sub>4</sub>
0  0.98478228087879
3.3097411430004  0.98149967327663
4.6832917237697  0.97821706567447
5.739044884674  0.97493445807049
6.6305929905839  0.97165185046833
7.41739419847  0.96836924286436
8.1299256386899  0.9650866352622
8.7862826046353  0.96180402765822
9.3982491592844  0.95852142005606
9.9740064700662  0.9552388124539
10.519508309185  0.95195620484992
11.039247173101  0.94867359724776
11.53671168258  0.94539098964378
12.014674917271  0.94210838204162
12.475384306809  0.93882577443765
12.920691279667  0.93554316683549
13.352142498631  0.93226055923333
13.771045738249  0.92897795162935
14.178518519343  0.92569534402719
14.575524714471  0.92241273642321
14.962902571684  0.91913012882105
15.341386493962  0.91584752121889
15.711624194724  0.91256491361491
16.074190375183  0.90928230601276
16.429597748248  0.90599969840878
16.778306012083  0.90271709080662
17.120729220873  0.89943448320264
17.457241889285  0.89615187560048
17.788184086716  0.89286926799832
18.113865718354  0.88958666039434
18.434570146256  0.88630405279218
18.750557270641  0.88302144518821
19.062066166578  0.87973883758605
19.369317352007  0.87645622998207
19.672514748199  0.87317362237991
19.971847382109  0.86989101477775
20.267490870974  0.86660840717377
20.559608722244  0.86332579957161
20.848353476158  0.86004319196763
21.133867713628  0.85676058436547
21.416284948339  0.8534779767615
21.695730418909  0.85019536915934
21.972321794461  0.84691276155718
22.246169804893  0.8436301539532
22.517378805442  0.84034754635104
22.786047283716  0.83706493874706
23.052268316215  0.8337823311449
23.316129980333  0.83049972354274
23.57771572706  0.82721711593877
23.837104718847  0.82393450833661
24.094372136549  0.82065190073263
24.349589458829  0.81736929313047
24.602824716983  0.81408668552649
24.854142727785  0.81080407792433
25.103605306619  0.80752147032217
25.351271462902  0.80423886271819
25.597197579572  0.80095625511603
25.841437578189  0.79767364751206
26.084043071048  0.7943910399099
26.325063501524  0.79110843230592
26.564546273744  0.78782582470376
26.802536872572  0.7845432171016
27.039078974762  0.78126060949762
27.274214552082  0.77797800189546
27.507983967091  0.77469539429148
27.740426062206  0.77141278668933
27.971578242636  0.76813017908535
28.201476553673  0.76484757148319
28.430155752823  0.76156496388103
28.657649377179  0.75828235627705
28.883989806432  0.75499974867489
29.109208321839  0.75171714107091
29.333335161487  0.74843453346875
29.556399572115  0.74515192586659
29.778429857767  0.74186931826262
29.999453425506  0.73858671066046
30.219496828404  0.73530410305648
30.438585806012  0.73202149545432
30.656745322478  0.72873888785034
30.873999602495  0.72545628024818
31.090372165215  0.72217367264602
31.305885856283  0.71889106504204
31.520562878107  0.71560845743988
31.734424818493  0.71232584983591
31.947492677745  0.70904324223375
32.159786894339  0.70576063462977
32.371327369259  0.70247802702761
32.582133489081  0.69919541942545
32.792224147888  0.69591281182147
33.001617768085  0.69263020421931
33.210332320188  0.68934759661533
33.418385341646  0.68606498901318
33.625793954757  0.68278238141102
33.832574883732  0.67949977380704
34.038744470961  0.67621716620488
34.244318692523  0.6729345586009
34.449313172987  0.66965195099874
34.653743199549  0.66636934339476
34.857623735541  0.6630867357926
35.060969433339  0.65980412819044
35.263794646721  0.65652152058647
35.466113442699  0.65323891298431
35.66793961284  0.64995630538033
35.869286684132  0.64667369777817
36.0701679294  0.64339109017419
36.270596377295  0.64010848257203
36.470584821902  0.63682587496987
36.670145831954  0.63354326736589
36.869291759708  0.63026065976374
37.068034749472  0.62697805215976
37.266386745821  0.6236954445576
37.464359501511  0.62041283695362
37.661964585104  0.61713022935146
37.859213388327  0.6138476217493
38.056117133171  0.61056501414532
38.252686878757  0.60728240654316
38.448933527954  0.60399979893918
38.644867833803  0.60071719133703
38.840500405714  0.59743458373487
39.035841715479  0.59415197613089
39.230902103099  0.59086936852873
39.425691782431  0.58758676092475
39.620220846675  0.58430415332259
39.8144992737  0.58102154571861
40.008536931224  0.57773893811645
40.202343581848  0.57445633051429
40.395928887968  0.57117372291032
40.58930241655  0.56789111530816
40.782473643795  0.56460850770418
40.975451959684  0.56132590010202
41.168246672429  0.55804329249804
41.360867012815  0.55476068489588
41.553322138454  0.55147807729372
41.74562113795  0.54819546968974
41.937773034983  0.54491286208759
42.129786792315  0.54163025448361
42.32167131573  0.53834764688145
42.513435457899  0.53506503927747
42.705088022191  0.53178243167531
42.896637766425  0.52849982407315
43.088093406567  0.52521721646917
43.279463620384  0.52193460886701
43.470757051053  0.51865200126304
43.661982310726  0.51536939366088
43.85314798407  0.51208678605872
44.044262631765  0.50880417845474
44.235334793984  0.50552157085258
44.426372993845  0.5022389632486
44.617385740846  0.49895635564644
44.808381534284  0.49567374804246
44.999368866661  0.4923911404403
45.190356227089  0.48910853283815
45.381352104683  0.48582592523417
45.572364991956  0.48254331763201
45.763403388224  0.47926071002803
45.954475803012  0.47597810242587
46.14559075947  0.47269549482189
46.336756797813  0.46941288721973
46.527982478772  0.46613027961757
46.719276387067  0.4628476720136
46.910647134916  0.45956506441144
47.102103365568  0.45628245680746
47.293653756868  0.4529998492053
47.485307024871  0.44971724160314
47.677071927491  0.44643463399916
47.868957268198  0.443152026397
48.060971899777  0.43986941879302
48.253124728129  0.43658681119086
48.445424716144  0.43330420358689
48.637880887638  0.43002159598473
48.830502331357  0.42673898838257
49.023298205068  0.42345638077859
49.216277739714  0.42017377317643
49.409450243677  0.41689116557245
49.602825107118  0.41360855797029
49.796411806423  0.41032595036631
49.990219908756  0.40704334276415
50.184259076716  0.403760735162
50.37853907312  0.40047812755802
50.573069765911  0.39719551995586
50.767861133189  0.39391291235188
50.9629232684  0.39063030474972
51.158266385654  0.38734769714574
51.353900825214  0.38406508954358
51.549837059149  0.38078248194142
51.746085697153  0.37749987433745
51.942657492561  0.37421726673529
52.139563348551  0.37093465913131
52.336814324559  0.36765205152915
52.534421642909  0.36436944392699
52.732396695668  0.36108683632301
52.930751051752  0.35780422872085
53.129496464282  0.35452162111687
53.328644878212  0.35123901351471
53.528208438244  0.34795640591074
53.728199497038  0.34467379830858
53.928630623748  0.34139119070642
54.129514612891  0.33810858310244
54.330864493566  0.33482597550028
54.532693539061  0.3315433678963
54.735015276842  0.32826076029414
54.937843498971  0.32497815269016
55.141192272968  0.32169554508801
55.345075953141  0.31841293748585
55.549509192409  0.31513032988187
55.754506954666  0.31184772227971
55.96008452769  0.30856511467573
56.166257536649  0.30528250707357
56.373041958242  0.30199989946959
56.580454135499  0.29871729186743
56.788510793292  0.29543468426527
56.997229054602  0.2921520766613
57.206626457584  0.28886946905914
57.416720973482  0.28558686145516
57.627531025456  0.282304253853
57.839075508365  0.27902164625084
58.05137380959  0.27573903864686
58.264445830947  0.2724564310447
58.478312011771  0.26917382344072
58.692993353257  0.26589121583856
58.90851144413  0.26260860823459
59.124888487748  0.25932600063243
59.342147330742  0.25604339303027
59.560311493282  0.25276078542629
59.779405201115  0.24947817782413
59.999453419484  0.24619557022015
60.22048188907  0.24291296261799
60.442517164117  0.23963035501401
60.665586652905  0.23634774741186
60.889718660737  0.2330651398097
61.11494243566  0.22978253220572
61.341288217117  0.22649992460356
61.568787287773  0.22321731699958
61.79747202878  0.21993470939742
62.027375978752  0.21665210179526
62.258533896775  0.21336949419128
62.490981829781  0.21008688658912
62.724757184687  0.20680427898515
62.95989880569  0.20352167138299
63.196447057199  0.20023906377901
63.434443912913  0.19695645617685
63.673933051599  0.19367384857469
63.914959960218  0.19039124097071
64.15757204509  0.18710863336855
64.40181875188  0.18382602576457
64.647751695274  0.18054341816242
64.895424799337  0.17726081055844
65.144894449627  0.17397820295628
65.396219658307  0.17069559535412
65.649462243639  0.16741298775014
65.904687025418  0.16413038014798
66.161962038113  0.160847772544
66.421358763723  0.15756516494184
66.682952386614  0.15428255733787
66.946822072933  0.15099994973571
67.21305127757  0.14771734213355
67.481728082034  0.14443473452957
67.752945567174  0.14115212692741
68.026802225203  0.13786951932343
68.303402416234  0.13458691172127
68.582856875338  0.13130430411911
68.865283277133  0.12802169651513
69.150806866088  0.12473908891297
69.439561162118  0.121456481309
69.731688752788  0.11817387370684
70.027342185448  0.11489126610286
70.326684975168  0.1116086585007
70.629892747363  0.10832605089854
70.937154537784  0.10504344329456
71.24867427718  0.1017608356924
71.564672493736  0.098478228088425
71.885388273613  0.095195620486265
72.21108152908  0.091913012882287
72.542035635313  0.088630405280128
72.878560511837  0.085347797677969
73.220996243756  0.08206519007399
73.569717363019  0.078782582471831
73.925137942891  0.075499974867853
74.287717702689  0.072217367265694
74.657969378882  0.068934759661715
75.036467699055  0.065652152059556
75.423860406303  0.062369544457397
75.820881937201  0.059086936853419
76.228370578087  0.055804329251259
76.647290245469  0.052521721647281
77.078758511042  0.049239114045122
77.524083208783  0.045956506442963
77.984811071643  0.042673898838984
78.462793611932  0.039391291236825
78.960278360867  0.036108683632847
79.480038523205  0.032826076030688
80.025562876801  0.029543468426709
80.60134412001  0.02626086082455
81.213336292079  0.022978253222391
81.869720926636  0.019695645618413
82.582282613048  0.016413038016253
83.369117451316  0.013130430412275
84.260703927422  0.0098478228101158
85.316502837177  0.0065652152061375
86.690113346113  0.0032826076039782
90  1.8189894035459E-12


