#d+<sup>13</sup>C&rarr;<sup>14</sup>N+n, <em>E<sub>k</sub></em>(d)=2 MeV
#<em>&theta;</em><sub>3</sub>, <em>&theta;</em><sub>4</sub>
180  0
156.74627003861  6.2893059212911
148.11230480137  8.9002757189855
142.02493452873  10.907758076671
137.26248357698  12.603522467684
133.33814080167  14.100505817728
129.99825790011  15.45659172968
127.09112063848  16.706144345868
124.51785455532  17.871540282146
122.21009903879  18.968313243116
120.11849045338  20.007766737455
118.20616870785  20.998429232049
116.44486489235  21.946922892313
114.81241923731  22.85851119286
113.29114001373  23.73745954704
111.86668099158  24.587281517673
110.52725146965  25.410912071218
109.26304674505  26.210832672354
108.06582886063  26.989163632116
106.92861231589  27.747733612132
105.84542465974  28.488132832239
104.81112151139  29.211754420523
103.8212418042  29.919826983121
102.87189319954  30.613440569665
101.95966043506  31.293567600474
101.08153131982  31.961079900795
100.2348364587  32.616762691938
99.417199766596  33.261326178257
98.626497541598  33.895415216217
97.860824385838  34.519617439703
97.118464648679  35.134470132404
96.397868356223  35.740466075536
95.697630810666  36.338058551567
95.016475210873  36.927665648164
94.353237775192  37.509673978324
93.706854948336  38.084441910618
93.076352353309  38.652302386125
92.460835211764  39.213565384873
91.859480005888  39.768520093642
91.271527194657  40.317436818146
90.696274829281  40.860568675482
90.133072938592  41.398153096921
89.581318576215  41.930413166384
89.040451438607  42.45755881603
88.50994997725  42.979787897159
87.989327939988  43.497287141968
87.478131286239  44.010233029432
86.975935428892  44.51879256676
86.482342762487  45.023123996253
85.996980442959  45.523377436087
85.519498389021  46.019695462432
85.049567479316  46.512213639313
84.586877922912  47.001061001867
84.131137783633  47.486360497879
83.682071641229  47.96822939194
83.239419374529  48.446779636018
82.802935053553  48.922118209784
82.37238592916  49.394347433675
81.947551510163  49.863565257303
81.528222719025  50.329865525554
81.114201118307  50.79333822445
80.70529820089  51.254069708627
80.301334737819  51.712142912081
79.902140178268  52.167637543669
79.507552096729  52.620630268699
79.117415683072  53.071194877785
78.731583271558  53.519402444067
78.349913905312  53.965321469753
77.972272933116  54.409018022854
77.598531635701  54.850555864922
77.228566878992  55.28999657049
76.862260792034  55.727399638881
76.499500467506  56.162822598968
76.140177682984  56.596321107424
75.784188641238  57.027949040963
75.431433728037  57.457758583011
75.081817286078  57.885800305212
74.735247403761  58.312123244155
74.391635717665  58.736774973657
74.050897227676  59.159801672919
73.712950123808  59.581248190842
73.377715623842  60.001158106764
73.045117820991  60.419573787874
72.715083540843  60.836536443515
72.387542206932  61.252086176585
72.062425714309  61.666262032237
71.739668310547  62.079102044044
71.419206483674  62.490643277791
71.100978856539  62.900921873058
70.784926087189  63.309973082715
70.470990774835  63.717831310482
70.159117371045  64.124530146651
69.849252095815  64.530102402095
69.541342858199  64.934580140669
69.235339181195  65.337994710096
68.931192130632  65.740376771421
68.628854247783  66.141756327137
68.328279485486  66.542162748035
68.029423147545  66.941624798879
67.732241831216  67.34017066295
67.436693372576  67.737827965539
67.142736794624  68.134623796441
66.850332257924  68.530584731508
66.559441013655  68.925736853318
66.270025358925  69.320105771001
65.982048594209  69.713716639271
65.695474982797  70.106594176716
65.410269712126  70.498762683373
65.126398856905  70.890246057636
64.843829343914  71.281067812532
64.562528918389  71.671251091394
64.282466111917  72.060818682967
64.003610211736  72.449793035982
63.72593123138  72.838196273217
63.449399882589  73.226050205075
63.173987548419  73.613376342715
62.899666257479  74.000195910741
62.626408659247  74.38652985949
62.354188000399  74.772398876932
62.082978102104  75.157823400202
61.812753338223  75.542823626787
61.543488614384  75.927419525388
61.275159347865  76.311630846467
61.007741448263  76.695477132506
60.741211298898  77.078977727988
60.475545738912  77.462151789113
60.21072204604  77.845018293276
59.946717920001  78.227596048302
59.683511466503  78.60990370147
59.421081181795  78.99195974833
59.159405937776  79.37378254132
58.898464967607  79.755390298213
58.638237851812  80.136801110377
58.37870450484  80.518032950896
58.119845162064  80.899103682525
57.861640367198  81.280031065518
57.604070960106  81.660832765321
57.347118064992  82.041526360151
57.090763078937  82.422129348463
56.834987660781  82.802659156319
56.579773720318  83.183133144664
56.325103407797  83.563568616522
56.070959103715  83.943982824115
55.817323408871  84.324392975918
55.564179134685  84.704816243656
55.311509293756  85.085269769256
55.059297090652  85.465770671746
54.807525912914  85.846336054136
54.556179322262  86.226983010257
54.305241045997  86.607728631595
54.054694968579  86.988590014104
53.804525123371  87.369584265026
53.554715684549  87.750728509705
53.305250959146  88.132039898418
53.056115379246  88.513535613229
52.807293494293  88.895232874864
52.55876996352  89.277148949622
52.310529548486  89.659301156335
52.062557105712  90.041706873368
51.814837579396  90.424383545688
51.567355994219  90.807348691989
51.320097448211  91.190619911904
51.073047105682  91.574214893285
50.826190190208  91.958151419591
50.579511977656  92.34244737736
50.332997789246  92.727120763804
50.086632984638  93.112189694514
49.840402955044  93.497672411294
49.594293116336  93.883587290138
49.348288902169  94.269952849345
49.102375757085  94.656787757801
48.856539129608  95.044110843427
48.610764465312  95.4319411018
48.365037199848  95.82029770498
48.119342751938  96.209200010521
47.873666516311  96.59866757072
47.627993856574  96.988720142071
47.382310098022  97.379377694983
47.136600520352  97.770660423741
46.890850350298  98.16258875674
46.64504475416  98.55518336701
46.399168830218  98.948465183042
46.153207601024  99.342455399933
45.907146005565  99.737175490867
45.660968891266  100.13264721896
45.414661005848  100.52889264945
45.168206989006  100.92593416237
44.921591363903  101.32379446549
44.674798528468  101.72249660787
44.427812746474  102.12206399374
44.180618138396  102.52252039696
43.933198672017  102.92388997595
43.685538152778  103.32619728919
43.43762021384  103.72946731128
43.189428305862  104.13372544961
42.94094568645  104.5389975617
42.692155409274  104.94530997317
42.443040312827  105.35268949649
42.193583008797  105.76116345038
41.943765870037  106.17075968016
41.693571018098  106.5815065788
41.442980310313  106.99343310894
41.191975326376  107.40656882584
40.940537354419  107.82094390135
40.688647376524  108.23658914888
40.436286053657  108.65353604953
40.183433709973  109.07181677944
39.930070316458  109.49146423832
39.676175473873  109.91251207938
39.42172839493  110.33499474065
39.166707885691  110.75894747781
38.911092326094  111.1844063986
38.654859649588  111.61140849898
38.397987321798  112.03999170102
38.140452318154  112.47019489278
37.882231100429  112.90205797022
37.6232995921  113.33562188126
37.363633152459  113.7709286722
37.103206549386  114.20802153662
36.84199393069  114.64694486693
36.579968793921  115.08774430875
36.317103954545  115.53046681831
36.053371512362  115.97516072312
35.788742816043  116.42187578609
35.523188425648  116.87066327339
35.256678072978  117.32157602634
34.989180619595  117.77466853751
34.720664012336  118.22999703152
34.451095236133  118.68761955074
34.180440263921  119.14759604644
33.908664003412  119.60998847556
33.63573024049  120.07486090384
33.361601578936  120.54227961559
33.086239376207  121.01231323075
32.80960367492  121.48503282987
32.531653129693  121.96051208755
32.252344928938  122.43882741515
31.971634711168  122.92005811364
31.68947647535  123.4042865373
31.405822484734  123.89159826937
31.120623163614  124.38208231076
30.833826986319  124.87583128286
30.545380357739  125.372941646
30.255227484555  125.87351393484
29.963310236278  126.37765301249
29.669567995088  126.88546834513
29.373937493332  127.39707429919
29.076352637434  127.91259046349
28.776744316773  128.43214199883
28.475040195946  128.95586001801
28.17116448859  129.48388199966
27.865037710739  130.01635223941
27.556576411385  130.55342234288
27.245692877607  131.09525176514
26.932294811291  131.64200840214
26.616284973984  132.1938692405
26.297560795982  132.75102107259
25.976013945125  133.3136612854
25.651529850121  133.88199873253
25.323987172374  134.45625470029
24.993257219356  135.03666398075
24.65920329143  135.62347606633
24.321679952627  136.21695648354
23.980532214301  136.81738828577
23.635594618565  137.42507372937
23.286690206084  138.04033616098
22.933629349853  138.66352214973
22.576208433088  139.29500390422
22.214208344981  139.93518202224
21.847392762708  140.58448863093
21.475506181356  141.24339098732
21.098271645072  141.91239562453
20.715388122149  142.59205314816
20.326527453291  143.28296381204
19.931330785125  143.98578403379
19.529404378723  144.70123405131
19.120314653934  145.43010697434
18.703582292086  146.17327955455
18.278675168859  146.93172509088
17.844999820703  147.70652901085
17.401891055042  148.4989078391
16.948599185853  149.31023249857
16.48427419595  150.14205721864
16.00794587063  150.99615579247
15.518498575294  151.87456760412
15.014638799758  152.77965684857
14.494852761217  153.71418988198
13.957350071641  154.68143798453
13.399987428453  155.68531654846
12.820162925339  156.73057783232
12.214665855119  157.82308485525
11.579456709108  158.97021253467
10.909333103146  160.18145674571
10.197399786026  161.46940044647
9.4341808778347  162.85133178663
8.6060258709648  164.35214910459
7.691970873699  166.01008046459
6.656702771165  167.8895029371
5.4313194340482  170.11599280515
3.8378063647425  173.01389097397
0  180


