#d+<sup>13</sup>C&rarr;<sup>14</sup>N+n, <em>E<sub>k</sub></em>(d)=2 MeV
#<em>&theta;</em><sub>4</sub>, <em>KE</em><sub>4</sub>
0  7.2900248823371
6.2893059212911  7.2854242627382
8.9002757189855  7.2808236431391
10.907758076671  7.2762230235402
12.603522467684  7.2716224039413
14.100505817728  7.2670217843422
15.45659172968  7.2624211647433
16.706144345868  7.2578205451443
17.871540282146  7.2532199255453
18.968313243116  7.2486193059464
20.007766737455  7.2440186863474
20.998429232049  7.2394180667484
21.946922892313  7.2348174471495
22.85851119286  7.2302168275504
23.73745954704  7.2256162079515
24.587281517673  7.2210155883525
25.410912071218  7.2164149687535
26.210832672354  7.2118143491546
26.989163632116  7.2072137295556
27.747733612132  7.2026131099566
28.488132832239  7.1980124903577
29.211754420523  7.1934118707587
29.919826983121  7.1888112511597
30.613440569665  7.1842106315607
31.293567600474  7.1796100119617
31.961079900795  7.1750093923628
32.616762691938  7.1704087727638
33.261326178257  7.1658081531648
33.895415216217  7.1612075335659
34.519617439703  7.1566069139669
35.134470132404  7.1520062943679
35.740466075536  7.1474056747689
36.338058551567  7.14280505517
36.927665648164  7.138204435571
37.509673978324  7.133603815972
38.084441910618  7.129003196373
38.652302386125  7.1244025767741
39.213565384873  7.1198019571751
39.768520093642  7.1152013375761
40.317436818146  7.1106007179771
40.860568675482  7.1060000983782
41.398153096921  7.1013994787792
41.930413166384  7.0967988591802
42.45755881603  7.0921982395813
42.979787897159  7.0875976199823
43.497287141968  7.0829970003833
44.010233029432  7.0783963807844
44.51879256676  7.0737957611854
45.023123996253  7.0691951415864
45.523377436087  7.0645945219874
46.019695462432  7.0599939023884
46.512213639313  7.0553932827895
47.001061001867  7.0507926631905
47.486360497879  7.0461920435915
47.96822939194  7.0415914239926
48.446779636018  7.0369908043936
48.922118209784  7.0323901847946
49.394347433675  7.0277895651957
49.863565257303  7.0231889455966
50.329865525554  7.0185883259977
50.79333822445  7.0139877063987
51.254069708627  7.0093870867997
51.712142912081  7.0047864672008
52.167637543669  7.0001858476018
52.620630268699  6.9955852280028
53.071194877785  6.9909846084039
53.519402444067  6.9863839888048
53.965321469753  6.9817833692059
54.409018022854  6.977182749607
54.850555864922  6.9725821300079
55.28999657049  6.967981510409
55.727399638881  6.96338089081
56.162822598968  6.958780271211
56.596321107424  6.9541796516121
57.027949040963  6.949579032013
57.457758583011  6.9449784124141
57.885800305212  6.9403777928152
58.312123244155  6.9357771732161
58.736774973657  6.9311765536172
59.159801672919  6.9265759340183
59.581248190842  6.9219753144192
60.001158106764  6.9173746948203
60.419573787874  6.9127740752214
60.836536443515  6.9081734556223
61.252086176585  6.9035728360234
61.666262032237  6.8989722164243
62.079102044044  6.8943715968254
62.490643277791  6.8897709772265
62.900921873058  6.8851703576274
63.309973082715  6.8805697380285
63.717831310482  6.8759691184296
64.124530146651  6.8713684988305
64.530102402095  6.8667678792316
64.934580140669  6.8621672596327
65.337994710096  6.8575666400336
65.740376771421  6.8529660204347
66.141756327137  6.8483654008356
66.542162748035  6.8437647812367
66.941624798879  6.8391641616378
67.34017066295  6.8345635420387
67.737827965539  6.8299629224398
68.134623796441  6.8253623028409
68.530584731508  6.8207616832418
68.925736853318  6.8161610636429
69.320105771001  6.8115604440439
69.713716639271  6.8069598244449
70.106594176716  6.802359204846
70.498762683373  6.797758585247
70.890246057636  6.793157965648
71.281067812532  6.7885573460491
71.671251091394  6.78395672645
72.060818682967  6.7793561068511
72.449793035982  6.7747554872522
72.838196273217  6.7701548676531
73.226050205075  6.7655542480542
73.613376342715  6.7609536284552
74.000195910741  6.7563530088562
74.38652985949  6.7517523892573
74.772398876932  6.7471517696583
75.157823400202  6.7425511500593
75.542823626787  6.7379505304604
75.927419525388  6.7333499108613
76.311630846467  6.7287492912624
76.695477132506  6.7241486716634
77.078977727988  6.7195480520644
77.462151789113  6.7149474324655
77.845018293276  6.7103468128665
78.227596048302  6.7057461932675
78.60990370147  6.7011455736686
78.99195974833  6.6965449540696
79.37378254132  6.6919443344706
79.755390298213  6.6873437148716
80.136801110377  6.6827430952726
80.518032950896  6.6781424756737
80.899103682525  6.6735418560747
81.280031065518  6.6689412364757
81.660832765321  6.6643406168768
82.041526360151  6.6597399972778
82.422129348463  6.6551393776788
82.802659156319  6.6505387580798
83.183133144664  6.6459381384809
83.563568616522  6.6413375188819
83.943982824115  6.6367368992829
84.324392975918  6.632136279684
84.704816243656  6.627535660085
85.085269769256  6.622935040486
85.465770671746  6.618334420887
85.846336054136  6.613733801288
86.226983010257  6.6091331816891
86.607728631595  6.6045325620901
86.988590014104  6.5999319424911
87.369584265026  6.5953313228922
87.750728509705  6.5907307032932
88.132039898418  6.5861300836942
88.513535613229  6.5815294640953
88.895232874864  6.5769288444963
89.277148949622  6.5723282248973
89.659301156335  6.5677276052983
90.041706873368  6.5631269856993
90.424383545688  6.5585263661004
90.807348691989  6.5539257465014
91.190619911904  6.5493251269024
91.574214893285  6.5447245073035
91.958151419591  6.5401238877045
92.34244737736  6.5355232681055
92.727120763804  6.5309226485066
93.112189694514  6.5263220289075
93.497672411294  6.5217214093086
93.883587290138  6.5171207897097
94.269952849345  6.5125201701106
94.656787757801  6.5079195505117
95.044110843427  6.5033189309127
95.4319411018  6.4987183113137
95.82029770498  6.4941176917148
96.209200010521  6.4895170721157
96.59866757072  6.4849164525168
96.988720142071  6.4803158329179
97.379377694983  6.4757152133188
97.770660423741  6.4711145937199
98.16258875674  6.466513974121
98.55518336701  6.4619133545219
98.948465183042  6.457312734923
99.342455399933  6.4527121153239
99.737175490867  6.448111495725
100.13264721896  6.4435108761261
100.52889264945  6.438910256527
100.92593416237  6.4343096369281
101.32379446549  6.4297090173292
101.72249660787  6.4251083977301
102.12206399374  6.4205077781312
102.52252039696  6.4159071585323
102.92388997595  6.4113065389332
103.32619728919  6.4067059193343
103.72946731128  6.4021052997352
104.13372544961  6.3975046801363
104.5389975617  6.3929040605374
104.94530997317  6.3883034409383
105.35268949649  6.3837028213394
105.76116345038  6.3791022017405
106.17075968016  6.3745015821414
106.5815065788  6.3699009625425
106.99343310894  6.3653003429436
107.40656882584  6.3606997233445
107.82094390135  6.3560991037456
108.23658914888  6.3514984841466
108.65353604953  6.3468978645476
109.07181677944  6.3422972449487
109.49146423832  6.3376966253496
109.91251207938  6.3330960057507
110.33499474065  6.3284953861518
110.75894747781  6.3238947665527
111.1844063986  6.3192941469538
111.61140849898  6.3146935273548
112.03999170102  6.3100929077558
112.47019489278  6.3054922881569
112.90205797022  6.3008916685579
113.33562188126  6.2962910489589
113.7709286722  6.29169042936
114.20802153662  6.2870898097609
114.64694486693  6.282489190162
115.08774430875  6.2778885705631
115.53046681831  6.273287950964
115.97516072312  6.2686873313651
116.42187578609  6.2640867117661
116.87066327339  6.2594860921671
117.32157602634  6.2548854725682
117.77466853751  6.2502848529692
118.22999703152  6.2456842333702
118.68761955074  6.2410836137713
119.14759604644  6.2364829941723
119.60998847556  6.2318823745733
120.07486090384  6.2272817549743
120.54227961559  6.2226811353753
121.01231323075  6.2180805157764
121.48503282987  6.2134798961774
121.96051208755  6.2088792765784
122.43882741515  6.2042786569795
122.92005811364  6.1996780373805
123.4042865373  6.1950774177815
123.89159826937  6.1904767981825
124.38208231076  6.1858761785836
124.87583128286  6.1812755589846
125.372941646  6.1766749393856
125.87351393484  6.1720743197866
126.37765301249  6.1674737001877
126.88546834513  6.1628730805887
127.39707429919  6.1582724609897
127.91259046349  6.1536718413907
128.43214199883  6.1490712217918
128.95586001801  6.1444706021928
129.48388199966  6.1398699825938
130.01635223941  6.1352693629949
130.55342234288  6.1306687433959
131.09525176514  6.1260681237969
131.64200840214  6.1214675041979
132.1938692405  6.1168668845989
132.75102107259  6.112266265
133.3136612854  6.107665645401
133.88199873253  6.103065025802
134.45625470029  6.0984644062031
135.03666398075  6.0938637866041
135.62347606633  6.0892631670051
136.21695648354  6.0846625474062
136.81738828577  6.0800619278072
137.42507372937  6.0754613082082
138.04033616098  6.0708606886093
138.66352214973  6.0662600690102
139.29500390422  6.0616594494113
139.93518202224  6.0570588298123
140.58448863093  6.0524582102133
141.24339098732  6.0478575906144
141.91239562453  6.0432569710154
142.59205314816  6.0386563514164
143.28296381204  6.0340557318175
143.98578403379  6.0294551122184
144.70123405131  6.0248544926195
145.43010697434  6.0202538730206
146.17327955455  6.0156532534215
146.93172509088  6.0110526338226
147.70652901085  6.0064520142236
148.4989078391  6.0018513946246
149.31023249857  5.9972507750257
150.14205721864  5.9926501554266
150.99615579247  5.9880495358277
151.87456760412  5.9834489162288
152.77965684857  5.9788482966297
153.71418988198  5.9742476770308
154.68143798453  5.9696470574319
155.68531654846  5.9650464378328
156.73057783232  5.9604458182339
157.82308485525  5.9558451986348
158.97021253467  5.9512445790359
160.18145674571  5.946643959437
161.46940044647  5.9420433398379
162.85133178663  5.937442720239
164.35214910459  5.9328421006401
166.01008046459  5.928241481041
167.8895029371  5.9236408614421
170.11599280515  5.9190402418432
173.01389097397  5.9144396222441
180  5.9098390026452


