#d+<sup>13</sup>C&rarr;<sup>12</sup>C+t, <em>E<sub>k</sub></em>(d)=2 MeV
#<em>&theta;</em><sub>4</sub>, <em>KE</em><sub>4</sub>
0  3.2092454948242
5.7624538737447  3.2044182627965
8.1556336614282  3.1995910307692
9.9963031349813  3.1947637987414
11.551694556184  3.1899365667136
12.92523512201  3.1851093346863
14.169928718441  3.1802821026586
15.317239297173  3.1754548706313
16.387652974425  3.1706276386035
17.395389746561  3.1658004065762
18.350796237336  3.1609731745484
19.261678275823  3.1561459425211
20.13409641934  3.1513187104933
20.972867387617  3.146491478466
21.781894267137  3.1416642464383
22.564391939241  3.1368370144105
23.323045702522  3.1320097823832
24.060125797516  3.1271825503554
24.777571947975  3.1223553183281
25.477056986478  3.1175280863004
26.160035559553  3.112700854273
26.827781976924  3.1078736222453
27.481420022516  3.103046390218
28.121946719466  3.0982191581902
28.750251482986  3.0933919261624
29.367131709664  3.0885646941351
29.973305581212  3.0837374621074
30.569422667654  3.0789102300801
31.156072775039  3.0740829980523
31.733793380228  3.069255766025
32.303075918958  3.0644285339972
32.864371136149  3.0596013019699
33.418093663811  3.0547740699421
33.964625958559  3.0499468379144
34.504321704889  3.0451196058871
35.037508770166  3.0402923738593
35.564491781419  3.035465141832
36.08555438144  3.0306379098042
36.600961211639  3.0258106777769
37.110959661012  3.0209834457492
37.615781414085  3.0161562137218
38.11564382534  3.0113289816941
38.610751143319  3.0065017496668
39.101295604014  3.001674517639
39.587458410203  2.9968472856112
40.069410610931  2.9920200535839
40.547313893312  2.9871928215562
41.021321297095  2.9823655895289
41.491577861001  2.9775383575011
41.958221208639  2.9727111254738
42.421382080754  2.967883893446
42.881184819696  2.9630566614187
43.337747811258  2.9582294293909
43.791183888369  2.9534021973632
44.241600700607  2.9485749653359
44.689101052997  2.9437477333081
45.133783217153  2.9389205012808
45.575741217501  2.934093269253
46.015065094951  2.9292660372257
46.451841150176  2.924438805198
46.886152168398  2.9196115731706
47.31807762735  2.9147843411429
47.747693889965  2.9099571091151
48.175074383113  2.9051298770878
48.600289763628  2.90030264506
49.023408072698  2.8954754130327
49.444494879623  2.890648181005
49.863613415804  2.8858209489777
50.280824699781  2.8809937169499
50.696187654049  2.8761664849226
51.109759214283  2.8713392528948
51.521594431599  2.8665120208675
51.931746568375  2.8616847888397
52.34026718812  2.856857556812
52.747206239859  2.8520303247847
53.152612137424  2.8472030927569
53.556531834038  2.8423758607296
53.959010892525  2.8375486287018
54.360093551467  2.8327213966745
54.759822787589  2.8278941646468
55.158240374645  2.8230669326194
55.555386939032  2.8182397005917
55.951302012367  2.8134124685639
56.346024081237  2.8085852365366
56.73959063429  2.8037580045088
57.132038206866  2.7989307724815
57.523402423314  2.7941035404538
57.913718037148  2.7892763084265
58.303018969185  2.7844490763987
58.691338343784  2.7796218443714
59.078708523314  2.7747946123436
59.465161140953  2.7699673803163
59.850727131927  2.7651401482885
60.235436763279  2.7603129162608
60.619319662263  2.7554856842335
61.002404843432  2.7506584522057
61.38472073452  2.7458312201784
61.766295201164  2.7410039881506
62.147155570548  2.7361767561233
62.527328654037  2.7313495240955
62.906840768834  2.7265222920682
63.285717758751  2.7216950600405
63.663985014114  2.7168678280127
64.041667490864  2.7120405959854
64.418789728902  2.7072133639576
64.795375869711  2.7023861319303
65.171449673306  2.6975588999026
65.547034534537  2.6927316678753
65.922153498787  2.6879044358475
66.296829277105  2.6830772038202
66.67108426079  2.6782499717924
67.044940535467  2.6734227397646
67.418419894682  2.6685955077373
67.791543853033  2.6637682757096
68.164333658878  2.6589410436823
68.536810306628  2.6541138116545
68.908994548657  2.6492865796272
69.280906906843  2.6444593475994
69.652567683771  2.6396321155721
70.023996973605  2.6348048835443
70.395214672655  2.629977651517
70.76624048965  2.6251504194893
71.137093955747  2.6203231874615
71.507794434269  2.6154959554342
71.878361130211  2.6106687234064
72.24881309951  2.6058414913791
72.619169258107  2.6010142593514
72.989448390802  2.596187027324
73.359669159921  2.5913597952963
73.72985011381  2.586532563269
74.100009695158  2.5817053312412
74.470166249172  2.5768780992134
74.840338031603  2.5720508671861
75.210543216645  2.5672236351584
75.580799904709  2.5623964031311
75.951126130083  2.5575691711033
76.321539868492  2.552741939076
76.692059044562  2.5479147070482
77.062701539201  2.5430874750209
77.433485196901  2.5382602429931
77.804427832979  2.5334330109658
78.17554724075  2.5286057789381
78.54686119866  2.5237785469103
78.918387477366  2.518951314883
79.290143846791  2.5141240828552
79.662148083147  2.5092968508279
80.034417975941  2.5044696188002
80.406971334972  2.4996423867728
80.779825997322  2.4948151547451
81.152999834353  2.4899879227178
81.526510758718  2.48516069069
81.900376731391  2.4803334586622
82.274615768726  2.4755062266349
82.649245949548  2.4706789946072
83.024285422293  2.4658517625799
83.399752412196  2.4610245305521
83.775665228538  2.4561972985248
84.152042271967  2.451370066497
84.528902041882  2.4465428344697
84.906263143916  2.4417156024419
85.2841442975  2.4368883704142
85.662564343535  2.4320611383869
86.041542252174  2.4272339063591
86.421097130716  2.4224066743318
86.801248231643  2.417579442304
87.18201496078  2.4127522102767
87.563416885613  2.407924978249
87.945473743765  2.4030977462216
88.328205451635  2.3982705141939
88.711632113226  2.3934432821666
89.095774029157  2.3886160501388
89.480651705883  2.383788818111
89.866285865126  2.3789615860837
90.25269745354  2.374134354056
90.639907652611  2.3693071220287
91.027937888817  2.3644798900009
91.416809844056  2.3596526579736
91.806545466356  2.3548254259458
92.197166980889  2.3499981939185
92.5886969013  2.3451709618907
92.981158041367  2.340343729863
93.374573527019  2.3355164978357
93.768966808717  2.3306892658079
94.164361674233  2.3258620337806
94.560782261835  2.3210348017528
94.958253073906  2.3162075697255
95.356798991024  2.3113803376978
95.756445286514  2.3065531056704
96.157217641516  2.3017258736427
96.559142160582  2.2968986416154
96.962245387831  2.2920714095876
97.366554323705  2.2872441775598
97.772096442341  2.2824169455325
98.178899709608  2.2775897135048
98.586992601829  2.2727624814775
98.996404125244  2.2679352494497
99.407163836241  2.2631080174224
99.819301862397  2.2582807853946
100.23284892439  2.2534535533673
100.64783635879  2.2486263213395
101.06429614188  2.2437990893118
101.48226091437  2.2389718572845
101.90176400733  2.2341446252567
102.32283946911  2.2293173932294
102.74552209358  2.2244901612016
103.16984744956  2.2196629291743
103.59585191165  2.2148356971466
104.02357269242  2.2100084651192
104.45304787618  2.2051812330915
104.8843164543  2.2003540010637
105.31741836228  2.1955267690364
105.75239451856  2.1906995370086
106.18928686531  2.1858723049813
106.62813841123  2.1810450729536
107.06899327653  2.1762178409263
107.51189674024  2.1713906088985
107.95689528992  2.1665633768712
108.40403667406  2.1617361448434
108.8533699573  2.1569089128161
109.30494557853  2.1520816807883
109.75881541231  2.1472544487606
110.2150328336  2.1424272167333
110.67365278627  2.1375999847055
111.1347318554  2.1327727526782
111.59832834384  2.1279455206504
112.06450235326  2.1231182886231
112.53331587008  2.1182910565954
113.0048328565  2.113463824568
113.4791193472  2.1086365925403
113.95624355206  2.1038093605125
114.43627596528  2.0989821284852
114.91928948164  2.0941548964574
115.40535952017  2.0893276644301
115.89456415613  2.0845004324024
116.38698426174  2.0796732003751
116.88270365657  2.0748459683473
117.38180926829  2.07001873632
117.88439130476  2.0651915042922
118.39054343835  2.0603642722649
118.90036300379  2.0555370402371
119.41395121044  2.0507098082094
119.93141337068  2.0458825761821
120.45285914565  2.0410553441543
120.97840281009  2.036228112127
121.50816353823  2.0314008800992
122.04226571256  2.0265736480719
122.58083925812  2.0217464160442
123.12402000457  2.0169191840168
123.67195007917  2.0120919519891
124.22477833395  2.0072647199613
124.78266081056  2.002437487934
125.34576124729  1.9976102559062
125.91425163274  1.9927830238789
126.48831281166  1.9879557918512
127.06813514907  1.9831285598239
127.65391925966  1.9783013277961
128.24587681047  1.9734740957688
128.84423140617  1.968646863741
129.4492195674  1.9638196317132
130.06109181458  1.9589923996859
130.68011387139  1.9541651676582
131.30656800443  1.9493379356309
131.9407545185  1.9445107036031
132.58299343006  1.9396834715758
133.23362634567  1.934856239548
133.89301857683  1.9300290075207
134.56156152888  1.925201775493
135.23967540828  1.9203745434656
135.92781230224  1.9155473114379
136.62645969477  1.9107200794101
137.3361444977  1.9058928473828
138.05743769156  1.901065615355
138.79095969346  1.8962383833277
139.53738659582  1.8914111513
140.29745745555  1.8865839192727
141.07198285799  1.8817566872449
141.86185503939  1.8769294552176
142.66805992925  1.8721022231898
143.4916915774  1.867274991162
144.33396956956  1.8624477591347
145.19626022511  1.857620527107
146.08010263206  1.8527932950797
146.98724094107  1.8479660630519
147.91966486235  1.8431388310246
148.87966106566  1.8383115989968
149.86987930156  1.8334843669695
150.89341875081  1.8286571349417
151.95394272254  1.823829902914
153.05583398144  1.8190026708867
154.20440981456  1.8141754388589
155.40622757765  1.8093482068316
156.66953211162  1.8045209748038
158.00493495053  1.7996937427765
159.42649153312  1.7948665107488
160.95350504928  1.7900392787215
162.61376432647  1.7852120466937
164.44991765544  1.7803848146664
166.53375598046  1.7755575826386
169.00525849717  1.7707303506108
172.22580883945  1.7659031185835
180  1.7610758865558


