#d+<sup>13</sup>C&rarr;<sup>14</sup>C+p, <em>E<sub>k</sub></em>(d)=2 MeV
#<em>&theta;</em><sub>4</sub>, <em>KE</em><sub>4</sub>
0  7.9038130036568
6.3024618255317  7.8990150949824
8.9188613979109  7.894217186308
10.930496717942  7.8894192776337
12.629750881936  7.8846213689593
14.129798752564  7.8798234602849
15.48864608343  7.8750255516106
16.740729649495  7.8702276429362
17.908473434468  7.8654297342619
19.007444074104  7.8606318255876
20.048969074687  7.8558339169132
21.041595034405  7.8510360082388
21.991958216162  7.8462380995645
22.905333314186  7.8414401908901
23.785994845359  7.8366422822157
24.637463880407  7.8318443735415
25.462681664571  7.8270464648671
26.264134976992  7.8222485561927
27.043948674467  7.8174506475184
27.803955343027  7.812652738844
28.545748618414  7.8078548301696
29.2707246239  7.8030569214953
29.980114609268  7.7982590128209
30.675010971452  7.7934611041466
31.356388226241  7.7886631954723
32.025120078776  7.7838652867979
32.681993444484  7.7790673781235
33.327720060757  7.7742694694492
33.962946176639  7.7694715607748
34.588260695473  7.7646736521004
35.204202061968  7.7598757434262
35.811264122409  7.7550778347518
36.409901139089  7.7502799260774
37.000532103458  7.7454820174031
37.583544464227  7.7406841087287
38.159297364526  7.7358862000543
38.728124464877  7.73108829138
39.290336414926  7.7262903827057
39.846223025904  7.7214924740313
40.396055186908  7.716694565357
40.940086560989  7.7118966566826
41.478555091177  7.7070987480082
42.011684341835  7.7023008393339
42.539684696816  7.6975029306595
43.062754432683  7.6927050219851
43.581080682526  7.6879071133109
44.094840303717  7.6831092046365
44.604200661051  7.6783112959621
45.109320335124  7.6735133872877
45.61034976451  7.6687154786134
46.107431829126  7.663917569939
46.600702381249  7.6591196612646
47.090290729807  7.6543217525904
47.576320082881  7.649523843916
48.05890795273  7.6447259352416
48.538166527167  7.6399280265673
49.014203010622  7.6351301178929
49.487119937882  7.6303322092185
49.957015463128  7.6255343005442
50.423983626606  7.6207363918699
50.888114601028  7.6159384831955
51.349494919536  7.6111405745212
51.808207686912  7.6063426658468
52.264332775501  7.6015447571724
52.717947007191  7.5967468484981
53.169124322639  7.5919489398237
53.617935938832  7.5871510311493
54.064450495941  7.5823531224751
54.508734194361  7.5775552138007
54.950850922722  7.5727573051263
55.390862377585  7.567959396452
55.8288281755  7.5631614877776
56.264805957984  7.5583635791032
56.698851489994  7.553565670429
57.131018752363  7.5487677617546
57.561360028653  7.5439698530802
57.989925986845  7.5391719444059
58.416765756232  7.5343740357315
58.841926999853  7.5295761270571
59.265455982797  7.5247782183828
59.687397636659  7.5199803097084
60.107795620409  7.5151824010341
60.526692377925  7.5103844923598
60.944129192416  7.5055865836854
61.360146237933  7.500788675011
61.774782628173  7.4959907663367
62.188076462739  7.4911928576623
62.600064871028  7.4863949489879
63.010784053902  7.4815970403137
63.420269323271  7.4767991316393
63.828555139723  7.4720012229649
64.235675148328  7.4672033142906
64.641662212717  7.4624054056162
65.046548447551  7.4576074969418
65.450365249468  7.4528095882675
65.853143326606  7.4480116795932
66.254912726774  7.4432137709188
66.655702864375  7.4384158622445
67.055542546116  7.4336179535701
67.454459995615  7.4288200448957
67.852482876931  7.4240221362214
68.249638317112  7.419224227547
68.645952927787  7.4144263188726
69.041452825877  7.4096284101984
69.436163653456  7.404830501524
69.830110596827  7.4000325928496
70.223318404845  7.3952346841753
70.61581140652  7.3904367755009
71.007613527967  7.3856388668265
71.398748308703  7.3808409581522
71.789238917355  7.3760430494779
72.179108166793  7.3712451408035
72.568378528728  7.3664472321292
72.957072147799  7.3616493234548
73.345210855179  7.3568514147804
73.73281618172  7.3520535061061
74.119909370672  7.3472555974317
74.506511389987  7.3424576887573
74.89264294424  7.337659780083
75.278324486179  7.3328618714087
75.663576227931  7.3280639627343
76.048418151877  7.3232660540599
76.432870021218  7.3184681453856
76.81695139025  7.3136702367112
77.200681614353  7.3088723280368
77.584079859729  7.3040744193626
77.967165112885  7.2992765106882
78.349956189884  7.2944786020138
78.732471745379  7.2896806933395
79.114730281439  7.2848827846651
79.496750156178  7.2800848759907
79.878549592209  7.2752869673164
80.260146684915  7.2704890586421
80.641559410575  7.2656911499677
81.022805634329  7.2608932412934
81.403903118006  7.256095332619
81.784869527834  7.2512974239446
82.165722442015  7.2464995152703
82.546479358201  7.2417016065959
82.927157700867  7.2369036979215
83.307774828588  7.2321057892473
83.688348041243  7.2273078805729
84.068894587132  7.2225099718985
84.449431670038  7.2177120632242
84.829976456221  7.2129141545498
85.210546081373  7.2081162458754
85.591157657519  7.2033183372012
85.971828279894  7.1985204285268
86.352575033789  7.1937225198524
86.733415001375  7.1889246111781
87.114365268524  7.1841267025037
87.495442931618  7.1793287938293
87.876665104365  7.174530885155
88.25804892463  7.1697329764806
88.639611561281  7.1649350678063
89.021370221061  7.160137159132
89.403342155497  7.1553392504576
89.785544667849  7.1505413417832
90.167995120115  7.1457434331089
90.550710940081  7.1409455244345
90.933709628452  7.1361476157601
91.317008766045  7.1313497070859
91.700626021073  7.1265517984115
92.084579156513  7.1217538897371
92.468886037581  7.1169559810628
92.853564639308  7.1121580723884
93.238633054238  7.107360163714
93.624109500254  7.1025622550397
94.010012328538  7.0977643463654
94.396360031683  7.092966437691
94.783171251952  7.0881685290167
95.170464789717  7.0833706203423
95.558259612072  7.0785727116679
95.946574861632  7.0737748029936
96.335429865543  7.0689768943192
96.7248441447  7.0641789856448
97.1148374232  7.0593810769706
97.505429638027  7.0545831682962
97.896640949001  7.0497852596218
98.288491748995  7.0449873509475
98.681002674433  7.0401894422731
99.0741946161  7.0353915335987
99.468088730259  7.0305936249244
99.862706450111  7.0257957162501
100.25806949761  7.0209978075757
100.65419989566  7.0161998989013
101.05111998068  7.011401990227
101.44885241563  7.0066040815526
101.84742020343  7.0018061728782
102.24684670088  6.9970082642039
102.64715563304  6.9922103555296
103.04837110817  6.9874124468552
103.45051763316  6.9826145381809
103.85362012957  6.9778166295065
104.25770395024  6.9730187208321
104.66279489664  6.9682208121578
105.06891923675  6.9634229034834
105.47610372374  6.958624994809
105.88437561543  6.9538270861348
106.29376269447  6.9490291774604
106.70429328943  6.944231268786
107.11599629672  6.9394333601117
107.5289012035  6.9346354514373
107.94303811156  6.9298375427629
108.35843776228  6.9250396340886
108.77513156269  6.9202417254143
109.1931516127  6.9154438167399
109.61253073363  6.9106459080656
110.03330249799  6.9058479993912
110.4555012608  6.9010500907168
110.87916219229  6.8962521820425
111.30432131224  6.8914542733681
111.73101552603  6.8866563646937
112.15928266249  6.8818584560195
112.58916151363  6.8770605473451
113.02069187642  6.8722626386707
113.45391459684  6.8674647299964
113.88887161609  6.862666821322
114.32560601941  6.8578689126476
114.7641620875  6.8530710039734
115.20458535073  6.848273095299
115.64692264644  6.8434751866246
116.09122217946  6.8386772779503
116.53753358601  6.8338793692759
116.98590800148  6.8290814606015
117.43639813204  6.8242835519272
117.88905833063  6.8194856432528
118.34394467751  6.8146877345785
118.80111506579  6.8098898259042
119.26062929229  6.8050919172298
119.72254915413  6.8002940085554
120.18693855156  6.7954960998811
120.65386359747  6.7906981912067
121.12339273417  6.7859002825323
121.59559685804  6.7811023738581
122.07054945262  6.7763044651837
122.54832673102  6.7715065565093
123.02900778835  6.766708647835
123.512674765  6.7619107391606
123.99941302188  6.7571128304862
124.48931132866  6.7523149218119
124.98246206605  6.7475170131376
125.47896144376  6.7427191044632
125.97890973526  6.7379211957889
126.4824115313  6.7331232871145
126.98957601383  6.7283253784401
127.50051725248  6.7235274697658
128.01535452587  6.7187295610914
128.53421267032  6.713931652417
129.05722245903  6.7091337437428
129.58452101473  6.7043358350684
130.1162522599  6.699537926394
130.65256740845  6.6947400177197
131.19362550388  6.6899421090453
131.73959400927  6.6851442003709
132.29064945547  6.6803462916965
132.84697815442  6.6755483830223
133.4087769861  6.6707504743479
133.97625426839  6.6659525656735
134.54963072083  6.6611546569992
135.12914053499  6.6563567483248
135.71503256624  6.6515588396504
136.30757166417  6.6467609309761
136.90704016182  6.6419630223018
137.51373954763  6.6371651136274
138.12799234824  6.6323672049531
138.7501442555  6.6275692962787
139.38056653762  6.6227713876043
140.01965878227  6.61797347893
140.66785202911  6.6131755702556
141.32561236169  6.6083776615812
141.99344504367  6.603579752907
142.67189930368  6.5987818442326
143.36157389765  6.5939839355582
144.0631236088  6.5891860268839
144.77726688574  6.5843881182095
145.50479487236  6.5795902095351
146.24658215226  6.5747923008608
147.0035996232  6.5699943921865
147.77693004128  6.5651964835121
148.56778694436  6.5603985748378
149.37753789774  6.5556006661634
150.20773333369  6.550802757489
151.06014272272  6.5460048488147
151.93680049164  6.5412069401403
152.84006510336  6.536409031466
153.77269622435  6.5316111227917
154.73795724472  6.5268132141173
155.73975413809  6.5220153054429
156.78282776166  6.5172173967686
157.87302710621  6.5124194880942
159.017709491  6.5076215794198
160.22634819387  6.5028236707456
161.51149631166  6.4980257620712
162.89040108051  6.4932278533968
164.38790208019  6.4884299447225
166.04213741412  6.4836320360481
167.91733309075  6.4788341273737
170.13877158942  6.4740362186994
173.03003730737  6.469238310025
180  6.4644404013507


