#d+<sup>13</sup>C&rarr;d+<sup>13</sup>C, <em>E<sub>k</sub></em>(d)=2 MeV
#<em>&theta;</em><sub>4</sub>, <em>KE</em><sub>4</sub>
0  0.92929129047843
3.3097505411921  0.92619365284372
4.683304992577  0.92309601520901
5.7390611082905  0.9199983775743
6.6306116924408  0.91690073993777
7.4174150724348  0.91380310230306
8.1299484661865  0.91070546466835
8.7863072191846  0.90760782703364
9.3982754284051  0.90451018939893
9.9740342849292  0.90141255176422
10.519537578209  0.89831491412951
11.039277817744  0.8952172764948
11.536743634446  0.89211963885828
12.014708116045  0.88902200122357
12.475418698736  0.88592436358886
12.920726816407  0.88282672595415
13.352179136378  0.87972908831944
13.771083437032  0.87663145068473
14.178557242479  0.87353381305002
14.575564428115  0.87043617541531
14.962943244463  0.8673385377806
15.341428096674  0.86424090014407
15.711666700083  0.86114326250936
16.074233757606  0.85804562487465
16.429641983676  0.85494798723994
16.778351077821  0.85185034960523
17.120775095458  0.84875271197052
17.457288552371  0.84565507433581
17.788231518972  0.8425574367011
18.113913901374  0.83945979906457
18.434619062481  0.83636216142986
18.750606903293  0.83326452379515
19.062116499592  0.83016688616044
19.369368369982  0.82706924852573
19.672566436344  0.82397161089102
19.971899726203  0.82087397325631
20.267543857323  0.8177763356216
20.559662337648  0.81467869798689
20.848407707874  0.81158106035036
21.133922549344  0.80848342271565
21.416340376146  0.80538578508094
21.695786427274  0.80228814744623
21.972378372207  0.79919050981152
22.246226941178  0.79609287217681
22.517436489736  0.7929952345421
22.78610550579  0.78989759690739
23.052327066118  0.78679995927087
23.316189248383  0.78370232163616
23.577775503823  0.78060468400145
23.837164995131  0.77750704636674
24.094432903386  0.77440940873203
24.349650707468  0.77131177109732
24.602886438878  0.76821413346261
24.854204914585  0.7651164958279
25.103667950159  0.76201885819137
25.351334555195  0.75892122055666
25.597261112798  0.75582358292195
25.841501544692  0.75272594528724
26.084107463325  0.74962830765253
26.32512831222  0.74653067001782
26.564611495647  0.74343303238311
26.802602498604  0.7403353947484
27.039144997976  0.73723775711369
27.274280965655  0.73414011947716
27.50805076432  0.73104248184245
27.740493236503  0.72794484420774
27.971645787523  0.72484720657303
28.201544462777  0.72174956893832
28.430224019874  0.71865193130361
28.657717996006  0.7155542936689
28.884058770957  0.71245665603419
29.109277626077  0.70935901839766
29.333404799538  0.70626138076295
29.556469538165  0.70316374312824
29.778500146083  0.70006610549353
29.999524030432  0.69696846785882
30.219567744363  0.69387083022411
30.438657027498  0.6907731925894
30.656816844055  0.68767555495469
30.874071418797  0.68457791731817
31.09044427094  0.68148027968346
31.305958246194  0.67838264204875
31.520635547027  0.67528500441404
31.734497761305  0.67218736677933
31.94756588939  0.66908972914462
32.159860369814  0.66599209150991
32.371401103613  0.6628944538752
32.582207477417  0.65979681624049
32.792298385357  0.65669917860396
33.001692249888  0.65360154096925
33.210407041573  0.65050390333454
33.418460297906  0.64740626569983
33.625869141229  0.64430862806512
33.832650295797  0.64121099043041
34.038820104041  0.6381133527957
34.244394542078  0.63501571516099
34.449389234518  0.63191807752446
34.653819468595  0.62882043988975
34.857700207675  0.62572280225504
35.06104610417  0.62262516462033
35.263871511893  0.61952752698562
35.466190497888  0.61642988935091
35.668016853754  0.6133322517162
35.869364106511  0.61023461408149
36.070245529012  0.60713697644496
36.270674149939  0.60403933881025
36.470662763402  0.60094170117554
36.670223938164  0.59784406354083
36.869370026507  0.59474642590612
37.068113172765  0.59164878827141
37.266465321537  0.5885511506367
37.464438225602  0.58545351300199
37.662043453545  0.58235587536728
37.859292397116  0.57925823773076
38.056196278327  0.57616060009605
38.252766156318  0.57306296246134
38.449012933981  0.56996532482663
38.644947364373  0.56686768719192
38.840580056924  0.56377004955721
39.035921483443  0.5606724119225
39.230981983948  0.55757477428779
39.425771772314  0.55447713665126
39.620300941754  0.55137949901655
39.814579470155  0.54828186138184
40.008617225246  0.54518422374713
40.202423969645  0.54208658611242
40.39600936576  0.53898894847771
40.58938298057  0.535891310843
40.782554290287  0.53279367320829
40.975532684905  0.52969603557358
41.168327472647  0.52659839793705
41.360947884307  0.52350076030234
41.553403077508  0.52040312266763
41.745702140862  0.51730548503292
41.937854098058  0.51420784739821
42.129867911868  0.5111102097635
42.321752488082  0.50801257212879
42.513516679379  0.50491493449408
42.705169289134  0.50181729685755
42.896719075172  0.49871965922284
43.088174753466  0.49562202158813
43.279545001787  0.49252438395342
43.470838463316  0.48942674631871
43.662063750211  0.486329108684
43.853229447141  0.48323147104929
44.044344114789  0.48013383341458
44.235416293333  0.47703619577806
44.426454505891  0.47393855814335
44.617467261963  0.47084092050864
44.808463060847  0.46774328287393
44.999450395048  0.46464564523922
45.190437753675  0.46154800760451
45.381433625844  0.4584503699698
45.572446504069  0.45535273233509
45.763484887662  0.45225509470038
45.954557286148  0.44915745706385
46.145672222675  0.44605981942914
46.336838237455  0.44296218179443
46.528063891214  0.43986454415972
46.719357768671  0.43676690652501
46.910728482039  0.4336692688903
47.102184674561  0.43057163125559
47.293735024079  0.42747399362088
47.485388246641  0.42437635598435
47.677153100155  0.42127871834964
47.869038388086  0.41818108071493
48.061052963209  0.41508344308022
48.253205731419  0.41198580544551
48.445505655598  0.4088881678108
48.637961759552  0.40579053017609
48.830583132019  0.40269289254138
49.023378930755  0.39959525490485
49.216358386694  0.39649761727014
49.409530808206  0.39339997963543
49.602905585441  0.39030234200072
49.796492194773  0.38720470436601
49.990300203352  0.3841070667313
50.184339273765  0.38100942909659
50.378619168816  0.37791179146188
50.573149756431  0.37481415382717
50.767941014697  0.37171651619065
50.963003037043  0.36861887855594
51.158346037564  0.36552124092123
51.353980356506  0.36242360328652
51.549916465918  0.35932596565181
51.746164975477  0.3562283280171
51.942736638499  0.35313069038239
52.139642358143  0.35003305274768
52.336893193824  0.34693541511115
52.534500367843  0.34383777747644
52.732475272247  0.34074013984173
52.930829475928  0.33764250220702
53.129574731984  0.33454486457231
53.328722985346  0.3314472269376
53.528286380687  0.32834958930289
53.728277270643  0.32525195166818
53.928708224341  0.32215431403347
54.129592036269  0.31905667639694
54.330941735499  0.31595903876223
54.532770595288  0.31286140112752
54.73509214307  0.30976376349281
54.937920170877  0.3066661258581
55.141268746195  0.30356848822339
55.345152223297  0.30047085058868
55.549585255069  0.29737321295397
55.754582805368  0.29427557531744
55.960160161933  0.29117793768273
56.166332949896  0.28808030004802
56.373117145913  0.28498266241331
56.580529092974  0.2818850247786
56.788585515909  0.27878738714389
56.997303537653  0.27568974950918
57.206700696318  0.27259211187447
57.416794963099  0.26949447423794
57.627604761107  0.26639683660323
57.839148985152  0.26329919896853
58.051447022563  0.26020156133382
58.264518775102  0.25710392369911
58.478384682049  0.2540062860644
58.69306574454  0.25090864842969
58.908583551241  0.24781101079498
59.124960305451  0.24471337316027
59.342218853733  0.24161573552374
59.560382716196  0.23851809788903
59.779476118516  0.23542046025432
59.999524025866  0.23232282261961
60.220552178853  0.2292251849849
60.442587131647  0.22612754735019
60.665656292448  0.22302990971548
60.889787966479  0.21993227208077
61.115011401702  0.21683463444424
61.341356837471  0.21373699680953
61.568855556362  0.21063935917482
61.797539939432  0.20754172154011
62.027443525197  0.2044440839054
62.25860107264  0.20134644627069
62.491048628588  0.19824880863598
62.724823599848  0.19515117100127
62.9599648305  0.19205353336474
63.196512684836  0.18895589573003
63.434509136429  0.18585825809532
63.673997863915  0.18276062046061
63.915024354122  0.1796629828259
64.157636013227  0.17656534519119
64.401882286746  0.17346770755648
64.647814789213  0.17037006992177
64.89548744453  0.16727243228706
65.144956638085  0.16417479465053
65.396281381865  0.16107715701582
65.649523493944  0.15797951938112
65.904747793924  0.15488188174641
66.162022316069  0.1517842441117
66.421418542161  0.14868660647699
66.68301165634  0.14558896884228
66.946880824516  0.14249133120757
67.213109501323  0.13939369357104
67.481785768008  0.13629605593633
67.753002705138  0.13319841830162
68.026858804628  0.13010078066691
68.303458426276  0.1270031430322
68.58291230482  0.12390550539749
68.865338114522  0.12080786776278
69.150861099473  0.11771023012807
69.439614779187  0.11461259249154
69.731741740797  0.11151495485683
70.027394531196  0.10841731722212
70.32673666496  0.10531967958741
70.629943766977  0.1022220419527
70.937204872429  0.09912440431799
71.248723911454  0.096026766683281
71.564721411574  0.092929129048571
71.885436458235  0.089831491413861
72.211128962925  0.086733853777332
72.542082299976  0.083636216142622
72.878606387984  0.080538578507912
73.221041311041  0.077440940873203
73.569761599979  0.074343303238493
73.925181326829  0.071245665603783
74.287760209543  0.068148027969073
74.658010983069  0.065050390334363
75.036508373287  0.061952752697835
75.423900121376  0.058855115063125
75.820920661741  0.055757477428415
76.228408278247  0.052659839793705
76.647326884564  0.049562202158995
77.078794049101  0.046464564524285
77.524117601995  0.043366926889576
77.984844271666  0.040269289254866
78.462825565009  0.037171651620156
78.96030900668  0.034074013983627
79.480067793355  0.030976376348917
80.025590692741  0.027878738714207
80.601370390156  0.024781101079498
81.213360907595  0.021683463444788
81.869743755035  0.018585825810078
82.582303487844  0.015488188175368
83.369136153923  0.012390550540658
84.260720151693  0.0092929129041295
85.316516106523  0.0061952752694197
86.690122744688  0.0030976376347098
90  0


