#d+<sup>13</sup>C&rarr;<sup>14</sup>N+n, <em>E<sub>k</sub></em>(d)=2 MeV
#<em>&theta;</em><sub>3</sub>, <em>KE</em><sub>3</sub>
180  0.035971727664219
156.74627003861  0.040572347263151
148.11230480137  0.045172966862083
142.02493452873  0.049773586461015
137.26248357698  0.054374206059947
133.33814080167  0.058974825658879
129.99825790011  0.063575445257811
127.09112063848  0.068176064856743
124.51785455532  0.072776684455675
122.21009903879  0.077377304054608
120.11849045338  0.08197792365354
118.20616870785  0.086578543252472
116.44486489235  0.091179162851404
114.81241923731  0.095779782450336
113.29114001373  0.10038040204927
111.86668099158  0.1049810216482
110.52725146965  0.10958164124713
109.26304674505  0.11418226084606
108.06582886063  0.118782880445
106.92861231589  0.12338350004393
105.84542465974  0.12798411964286
104.81112151139  0.13258473924179
103.8212418042  0.13718535884072
102.87189319954  0.14178597843966
101.95966043506  0.14638659803859
101.08153131982  0.15098721763752
100.2348364587  0.15558783723645
99.417199766596  0.16018845683539
98.626497541598  0.16478907643432
97.860824385838  0.16938969603325
97.118464648679  0.17399031563218
96.397868356223  0.17859093523111
95.697630810666  0.18319155483005
95.016475210873  0.18779217442898
94.353237775192  0.19239279402791
93.706854948336  0.19699341362684
93.076352353309  0.20159403322577
92.460835211764  0.20619465282471
91.859480005888  0.21079527242364
91.271527194657  0.21539589202257
90.696274829281  0.21999651162332
90.133072938592  0.22459713122225
89.581318576215  0.22919775082119
89.040451438607  0.23379837042012
88.50994997725  0.23839899001905
87.989327939988  0.24299960961798
87.478131286239  0.24760022921691
86.975935428892  0.25220084881585
86.482342762487  0.25680146841478
85.996980442959  0.26140208801371
85.519498389021  0.26600270761264
85.049567479316  0.27060332721157
84.586877922912  0.27520394681051
84.131137783633  0.27980456640944
83.682071641229  0.28440518600837
83.239419374529  0.2890058056073
82.802935053553  0.29360642520624
82.37238592916  0.29820704480517
81.947551510163  0.3028076644041
81.528222719025  0.30740828400303
81.114201118307  0.31200890360196
80.70529820089  0.3166095232009
80.301334737819  0.32121014279983
79.902140178268  0.32581076239876
79.507552096729  0.33041138199769
79.117415683072  0.33501200159662
78.731583271558  0.33961262119556
78.349913905312  0.34421324079449
77.972272933116  0.34881386039342
77.598531635701  0.35341447999235
77.228566878992  0.35801509959128
76.862260792034  0.36261571919022
76.499500467506  0.36721633878915
76.140177682984  0.37181695838808
75.784188641238  0.37641757798701
75.431433728037  0.38101819758595
75.081817286078  0.38561881718488
74.735247403761  0.39021943678381
74.391635717665  0.39482005638274
74.050897227676  0.39942067598167
73.712950123808  0.40402129558061
73.377715623842  0.40862191517954
73.045117820991  0.41322253477847
72.715083540843  0.4178231543774
72.387542206932  0.42242377397815
72.062425714309  0.42702439357708
71.739668310547  0.43162501317602
71.419206483674  0.43622563277495
71.100978856539  0.44082625237388
70.784926087189  0.44542687197281
70.470990774835  0.45002749157175
70.159117371045  0.45462811117068
69.849252095815  0.45922873076961
69.541342858199  0.46382935036854
69.235339181195  0.46842996996747
68.931192130632  0.47303058956641
68.628854247783  0.47763120916534
68.328279485486  0.48223182876427
68.029423147545  0.4868324483632
67.732241831216  0.49143306796213
67.436693372576  0.49603368756107
67.142736794624  0.50063430716
66.850332257924  0.50523492675893
66.559441013655  0.50983554635786
66.270025358925  0.51443616595679
65.982048594209  0.51903678555573
65.695474982797  0.52363740515466
65.410269712126  0.52823802475359
65.126398856905  0.53283864435252
64.843829343914  0.53743926395146
64.562528918389  0.54203988355039
64.282466111917  0.54664050314932
64.003610211736  0.55124112274825
63.72593123138  0.55584174234718
63.449399882589  0.56044236194612
63.173987548419  0.56504298154505
62.899666257479  0.56964360114398
62.626408659247  0.57424422074291
62.354188000399  0.57884484034184
62.082978102104  0.58344545994078
61.812753338223  0.58804607953971
61.543488614384  0.59264669913864
61.275159347865  0.59724731873757
61.007741448263  0.6018479383365
60.741211298898  0.60644855793544
60.475545738912  0.61104917753437
60.21072204604  0.6156497971333
59.946717920001  0.62025041673223
59.683511466503  0.62485103633298
59.421081181795  0.62945165593192
59.159405937776  0.63405227553085
58.898464967607  0.63865289512978
58.638237851812  0.64325351472871
58.37870450484  0.64785413432764
58.119845162064  0.65245475392658
57.861640367198  0.65705537352551
57.604070960106  0.66165599312444
57.347118064992  0.66625661272337
57.090763078937  0.67085723232231
56.834987660781  0.67545785192124
56.579773720318  0.68005847152017
56.325103407797  0.6846590911191
56.070959103715  0.68925971071803
55.817323408871  0.69386033031697
55.564179134685  0.6984609499159
55.311509293756  0.70306156951483
55.059297090652  0.70766218911376
54.807525912914  0.71226280871269
54.556179322262  0.71686342831163
54.305241045997  0.72146404791056
54.054694968579  0.72606466750949
53.804525123371  0.73066528710842
53.554715684549  0.73526590670735
53.305250959146  0.73986652630629
53.056115379246  0.74446714590522
52.807293494293  0.74906776550415
52.55876996352  0.75366838510308
52.310529548486  0.75826900470202
52.062557105712  0.76286962430095
51.814837579396  0.76747024389988
51.567355994219  0.77207086349881
51.320097448211  0.77667148309774
51.073047105682  0.78127210269668
50.826190190208  0.78587272229561
50.579511977656  0.79047334189454
50.332997789246  0.79507396149347
50.086632984638  0.7996745810924
49.840402955044  0.80427520069134
49.594293116336  0.80887582029027
49.348288902169  0.8134764398892
49.102375757085  0.81807705948813
48.856539129608  0.82267767908706
48.610764465312  0.827278298686
48.365037199848  0.83187891828675
48.119342751938  0.83647953788568
47.873666516311  0.84108015748461
47.627993856574  0.84568077708354
47.382310098022  0.85028139668248
47.136600520352  0.85488201628141
46.890850350298  0.85948263588034
46.64504475416  0.86408325547927
46.399168830218  0.8686838750782
46.153207601024  0.87328449467714
45.907146005565  0.87788511427607
45.660968891266  0.882485733875
45.414661005848  0.88708635347393
45.168206989006  0.89168697307286
44.921591363903  0.8962875926718
44.674798528468  0.90088821227073
44.427812746474  0.90548883186966
44.180618138396  0.91008945146859
43.933198672017  0.91469007106753
43.685538152778  0.91929069066646
43.43762021384  0.92389131026539
43.189428305862  0.92849192986432
42.94094568645  0.93309254946325
42.692155409274  0.93769316906219
42.443040312827  0.94229378866112
42.193583008797  0.94689440826005
41.943765870037  0.95149502785898
41.693571018098  0.95609564745791
41.442980310313  0.96069626705685
41.191975326376  0.96529688665578
40.940537354419  0.96989750625471
40.688647376524  0.97449812585364
40.436286053657  0.97909874545257
40.183433709973  0.98369936505151
39.930070316458  0.98829998465044
39.676175473873  0.99290060424937
39.42172839493  0.9975012238483
39.166707885691  1.0021018434472
38.911092326094  1.0067024630462
38.654859649588  1.0113030826451
38.397987321798  1.015903702244
38.140452318154  1.020504321843
37.882231100429  1.0251049414419
37.6232995921  1.0297055610408
37.363633152459  1.0343061806416
37.103206549386  1.0389068002405
36.84199393069  1.0435074198394
36.579968793921  1.0481080394384
36.317103954545  1.0527086590373
36.053371512362  1.0573092786362
35.788742816043  1.0619098982352
35.523188425648  1.0665105178341
35.256678072978  1.071111137433
34.989180619595  1.075711757032
34.720664012336  1.0803123766309
34.451095236133  1.0849129962298
34.180440263921  1.0895136158288
33.908664003412  1.0941142354277
33.63573024049  1.0987148550266
33.361601578936  1.1033154746256
33.086239376207  1.1079160942245
32.80960367492  1.1125167138234
32.531653129693  1.1171173334224
32.252344928938  1.1217179530213
31.971634711168  1.1263185726202
31.68947647535  1.1309191922192
31.405822484734  1.1355198118181
31.120623163614  1.140120431417
30.833826986319  1.1447210510159
30.545380357739  1.1493216706149
30.255227484555  1.1539222902138
29.963310236278  1.1585229098127
29.669567995088  1.1631235294117
29.373937493332  1.1677241490106
29.076352637434  1.1723247686095
28.776744316773  1.1769253882085
28.475040195946  1.1815260078074
28.17116448859  1.1861266274063
27.865037710739  1.1907272470053
27.556576411385  1.1953278666042
27.245692877607  1.1999284862031
26.932294811291  1.2045291058021
26.616284973984  1.209129725401
26.297560795982  1.2137303449999
25.976013945125  1.2183309645989
25.651529850121  1.2229315841978
25.323987172374  1.2275322037967
24.993257219356  1.2321328233957
24.65920329143  1.2367334429964
24.321679952627  1.2413340625953
23.980532214301  1.2459346821943
23.635594618565  1.2505353017932
23.286690206084  1.2551359213921
22.933629349853  1.2597365409911
22.576208433088  1.26433716059
22.214208344981  1.2689377801889
21.847392762708  1.2735383997879
21.475506181356  1.2781390193868
21.098271645072  1.2827396389857
20.715388122149  1.2873402585847
20.326527453291  1.2919408781836
19.931330785125  1.2965414977825
19.529404378723  1.3011421173815
19.120314653934  1.3057427369804
18.703582292086  1.3103433565793
18.278675168859  1.3149439761783
17.844999820703  1.3195445957772
17.401891055042  1.3241452153761
16.948599185853  1.3287458349751
16.48427419595  1.333346454574
16.00794587063  1.3379470741729
15.518498575294  1.3425476937718
15.014638799758  1.3471483133708
14.494852761217  1.3517489329697
13.957350071641  1.3563495525686
13.399987428453  1.3609501721676
12.820162925339  1.3655507917665
12.214665855119  1.3701514113654
11.579456709108  1.3747520309644
10.909333103146  1.3793526505633
10.197399786026  1.3839532701622
9.4341808778347  1.3885538897612
8.6060258709648  1.3931545093601
7.691970873699  1.397755128959
6.656702771165  1.402355748558
5.4313194340482  1.4069563681569
3.8378063647425  1.4115569877558
0  1.4161576073548


