#d+<sup>13</sup>C&rarr;d+<sup>13</sup>C, <em>E<sub>k</sub></em>(d)=2 MeV
#<em>&theta;</em><sub>3</sub>, <em>KE</em><sub>3</sub>
180  1.0707087095225
172.17054735769  1.0738063471572
168.92745636942  1.0769039847921
166.43889403685  1.0800016224271
164.34086977464  1.083099260062
162.49238940198  1.0861968976969
160.82113882245  1.0892945353319
159.28415742007  1.0923921729668
157.8534518539  1.0954898106017
156.50957616592  1.0985874482367
155.23837044501  1.1016850858716
154.0291438896  1.1047827235066
152.87358976299  1.1078803611415
151.76510123601  1.1109779987764
150.69832070383  1.1140756364114
149.66883200409  1.1171732740463
148.6729437734  1.1202709116812
147.7075329791  1.1233685493162
146.76992937669  1.1264661869511
145.85782852352  1.1295638245861
144.96922516876  1.132661462221
144.10236147273  1.1357590998559
143.25568620938  1.1388567374909
142.42782223208  1.1419543751258
141.61754024458  1.1450520127605
140.82373744498  1.1481496503955
140.04541997973  1.1512472880304
139.28168840842  1.1543449256653
138.53172557087  1.1574425633003
137.79478638842  1.1605402009352
137.07018923533  1.1636378385701
136.35730859452  1.1667354762051
135.65556877143  1.16983311384
134.96443848549  1.172930751475
134.28342619378  1.1760283891099
133.61207602936  1.1791260267448
132.94996425821  1.1822236643798
132.29669617617  1.1853213020147
131.65190338066  1.1884189396496
131.01524136356  1.1915165772846
130.38638737996  1.1946142149195
129.76503855526  1.1977118525544
129.15091019866  1.2008094901894
128.54373429634  1.2039071278243
127.94325816134  1.2070047654593
127.34924322069  1.2101024030942
126.76146392318  1.2132000407291
126.17970675324  1.2162976783638
125.6037693388  1.2193953159988
125.03345964229  1.2224929536337
124.46859522544  1.2255905912687
123.90900257992  1.2286882289036
123.35451651673  1.2317858665385
122.80497960809  1.2348835041735
122.26024167644  1.2379811418084
121.7201593258  1.2410787794433
121.18459551126  1.2441764170783
120.65341914282  1.2472740547132
120.12650472039  1.2503716923482
119.60373199687  1.2534693299831
119.0849856668  1.256566967618
118.57015507826  1.259664605253
118.05913396579  1.2627622428879
117.55182020272  1.2658598805228
117.0481155709  1.2689575181578
116.54792554666  1.2720551557927
116.05115910142  1.2751527934277
115.5577285158  1.2782504310626
115.06754920615  1.2813480686975
114.58053956243  1.2844457063325
114.09662079665  1.2875433439672
113.61571680092  1.2906409816021
113.1377540144  1.293738619237
112.66266129861  1.296836256872
112.19036982019  1.2999338945069
111.7208129409  1.3030315321419
111.25392611397  1.3061291697768
110.78964678671  1.3092268074117
110.3279143086  1.3123244450467
109.86866984471  1.3154220826816
109.41185629394  1.3185197203165
108.95741821186  1.3216173579515
108.5053017377  1.3247149955864
108.0554545254  1.3278126332214
107.6078256782  1.3309102708563
107.16236568681  1.3340079084912
106.71902637075  1.3371055461262
106.27776082264  1.3402031837611
105.83852335547  1.343300821396
105.40126945233  1.346398459031
104.96595571878  1.3494960966659
104.53253983746  1.3525937343009
104.10098052494  1.3556913719358
103.67123749058  1.3587890095705
103.24327139735  1.3618866472054
102.81704382449  1.3649842848404
102.39251723187  1.3680819224753
101.96965492595  1.3711795601102
101.54842102727  1.3742771977452
101.12878043941  1.3773748353801
100.71069881926  1.3804724730151
100.29414254858  1.38357011065
99.879078706818  1.3866677482849
99.465475044994  1.3897653859199
99.053299960724  1.3928630235548
98.64252247424  1.3959606611897
98.233112205386  1.3990582988247
97.825039351526  1.4021559364596
97.418274666321  1.4052535740946
97.012789439329  1.4083512117295
96.608555476379  1.4114488493644
96.205545080694  1.4145464869994
95.803731034697  1.4176441246343
95.403086582498  1.4207417622692
95.003585413003  1.4238393999042
94.605201643616  1.4269370375391
94.207909804522  1.4300346751738
93.811684823491  1.4331323128088
93.416502011211  1.4362299504437
93.022337047091  1.4393275880786
92.629165965535  1.4424252257136
92.236965142651  1.4455228633485
91.845711283369  1.4486205009835
91.455381408967  1.4517181386184
91.065952844956  1.4548157762533
90.677403209332  1.4579134138883
90.289710401159  1.4610110515232
89.902852589476  1.4641086891581
89.5168082025  1.4672063267931
89.131555917129  1.470303964428
88.747074648703  1.4734016020629
88.363343541036  1.4764992396979
87.980341956682  1.4795968773328
87.598049467438  1.4826945149678
87.216445845064  1.4857921526027
86.835511052205  1.4888897902376
86.455225233513  1.4919874278726
86.075568706945  1.4950850655075
85.69652195524  1.4981827031424
85.318065617546  1.5012803407772
84.940180481214  1.5043779784121
84.562847473712  1.507475616047
84.186047654689  1.510573253682
83.809762208146  1.5136708913169
83.433972434731  1.5167685289518
83.058659744127  1.5198661665868
82.683805647541  1.5229638042217
82.309391750278  1.5260614418567
81.935399744391  1.5291590794916
81.561811401399  1.5322567171265
81.188608565074  1.5353543547615
80.815773144268  1.5384519923964
80.4432871058  1.5415496300313
80.071132467369  1.5446472676663
79.699291290499  1.5477449053012
79.327745673513  1.5508425429362
78.956477744513  1.5539401805711
78.585469654365  1.557037818206
78.214703569695  1.560135455841
77.84416166586  1.5632330934759
77.473826119914  1.5663307311108
77.103679103542  1.5694283687458
76.733702775965  1.5725260063805
76.363879276806  1.5756236440154
75.994190718899  1.5787212816504
75.624619181049  1.5818189192853
75.255146700724  1.5849165569202
74.88575526667  1.5880141945552
74.516426811444  1.5911118321901
74.14714320386  1.594209469825
73.777886241324  1.59730710746
73.408637642065  1.6004047450949
73.039379037245  1.6035023827299
72.670091962935  1.6066000203648
72.30075785195  1.6096976579997
71.931358025536  1.6127952956347
71.561873684888  1.6158929332696
71.192285902497  1.6189905709045
70.822575613306  1.6220882085395
70.452723605674  1.6251858461744
70.082710512116  1.6282834838094
69.712516799825  1.6313811214443
69.342122760952  1.6344787590792
68.971508502626  1.6375763967142
68.600653936705  1.6406740343491
68.229538769244  1.6437716719838
67.858142489647  1.6468693096188
67.486444359507  1.6499669472537
67.114423401095  1.6530645848886
66.742058385493  1.6561622225236
66.369327820338  1.6592598601585
65.996209937166  1.6623574977934
65.622682678325  1.6654551354284
65.248723683429  1.6685527730633
64.874310275335  1.6716504106982
64.499419445621  1.6747480483332
64.124027839507  1.6778456859681
63.748111740227  1.6809433236031
63.371647052788  1.684040961238
62.994609287092  1.6871385988729
62.616973540394  1.6902362365079
62.238714479032  1.6933338741428
61.859806319413  1.6964315117777
61.480222808193  1.6995291494127
61.099937201605  1.7026267870476
60.718922243898  1.7057244246826
60.337150144806  1.7088220623175
59.954592556022  1.7119196999524
59.571220546579  1.7150173375871
59.187004577105  1.7181149752221
58.801914472859  1.721212612857
58.41591939547  1.724310250492
58.028987813321  1.7274078881269
57.641087470456  1.7305055257618
57.252185353946  1.7336031633968
56.862247659593  1.7367008010317
56.471239755868  1.7397984386666
56.079126145966  1.7428960763016
55.685870427854  1.7459937139365
55.291435252162  1.7490913515715
54.895782277787  1.7521889892064
54.498872125033  1.7552866268413
54.10066432612  1.7583842644763
53.70111727288  1.7614819021112
53.30018816142  1.7645795397461
52.897832933547  1.7676771773811
52.494006214702  1.770774815016
52.08866124815  1.7738724526509
51.68174982513  1.7769700902859
51.27322221066  1.7800677279208
50.863027064663  1.7831653655558
50.451111358019  1.7862630031905
50.03742028317  1.7893606408254
49.621897158793  1.7924582784603
49.204483328091  1.7955559160953
48.785118050123  1.7986535537302
48.363738383614  1.8017511913652
47.940279062577  1.8048488290001
47.514672363018  1.807946466635
47.086847959951  1.81104410427
46.65673277381  1.8141417419049
46.224250805307  1.8172393795398
45.789322957632  1.8203370171748
45.351866844794  1.8234346548097
44.911796584744  1.8265322924447
44.469022575789  1.8296299300796
44.023451254599  1.8327275677145
43.574984833925  1.8358252053495
43.123521017898  1.8389228429844
42.668952692531  1.8420204806193
42.211167588716  1.8451181182543
41.75004791467  1.8482157558892
41.285469954378  1.8513133935242
40.817303628098  1.8544110311591
40.345412010457  1.8575086687938
39.869650801021  1.8606063064287
39.389867741488  1.8637039440637
38.905901972767  1.8668015816986
38.417583324204  1.8698992193335
37.924731525966  1.8729968569685
37.427155334223  1.8760944946034
36.924651556991  1.8791921322384
36.417003966533  1.8822897698733
35.903982081733  1.8853874075082
35.385339800937  1.8884850451432
34.860813862204  1.8915826827781
34.330122103582  1.894680320413
33.79296149074  1.897777958048
33.249005872791  1.9008755956829
32.697903419118  1.9039732333179
32.139273679993  1.9070708709528
31.572704201279  1.9101685085877
30.997746607704  1.9132661462227
30.413912049112  1.9163637838576
29.820665878401  1.9194614214925
29.217421396616  1.9225590591275
28.603532457382  1.9256566967624
27.978284665821  1.9287543343971
27.340884831259  1.9318519720321
26.690448230923  1.934949609667
26.025983102744  1.9380472473019
25.346371593337  1.9411448849369
24.650346118064  1.9442425225718
23.936459706871  1.9473401602067
23.20304835411  1.9504377978417
22.448182569491  1.9535354354766
21.669604086867  1.9566330731116
20.864641767136  1.9597307107465
20.030097675031  1.9628283483814
19.162089289511  1.9659259860164
18.255825258741  1.9690236236513
17.305276928092  1.9721212612862
16.302679535642  1.9752188989212
15.23774085965  1.9783165365561
14.096315623814  1.9814141741911
12.858025284037  1.984511811826
11.491570984744  1.9876094494609
9.9442267442328  1.9907070870959
8.1131071965772  1.9938047247308
5.7323787867665  1.9969023623657
0  2.0000000000005


