#d+<sup>13</sup>C&rarr;<sup>14</sup>C+p, <em>E<sub>k</sub></em>(d)=2 MeV
#<em>&theta;</em><sub>3</sub>, <em>KE</em><sub>3</sub>
180  0.048054166343718
158.85458787361  0.052852075017654
150.81373427245  0.05764998369159
145.04857743413  0.062447892365526
140.47631351521  0.067245801039462
136.66593988787  0.072043709715217
133.39223196971  0.076841618389153
130.51977693494  0.081639527063089
127.95975737735  0.086437435737025
125.65033569195  0.09123534441278
123.54653708648  0.096033253086716
121.61453840934  0.10083116176065
119.82821910167  0.10562907043459
118.16696619926  0.11042697911034
116.61421759062  0.11522488778428
115.15646143858  0.12002279645822
113.78252892328  0.12482070513215
112.48308200471  0.12961861380609
111.25023458692  0.13441652248184
110.07726719782  0.13921443115578
108.95840863838  0.14401233982971
107.88866649963  0.14881024850365
106.86369393688  0.15360815717941
105.87968374814  0.15840606585334
104.93328329093  0.16320397452728
104.02152549663  0.16800188320121
103.1417724572  0.17279979187697
102.29166893063  0.1775977005509
101.46910374356  0.18239560922484
100.67217753547  0.18719351789878
99.89917563527  0.19199142657271
99.148545121942  0.19678933524847
98.418875319379  0.2015872439224
97.708881127793  0.20638515259634
97.017388711907  0.21118306127028
96.343323158211  0.21598096994603
95.685697785893  0.22077887861997
95.043604853429  0.2255767872939
94.416207448499  0.23037469596784
93.802732385601  0.23517260464359
93.202463965363  0.23997051331753
92.614738473599  0.24476842199147
92.038939317768  0.2495663306654
91.474492714629  0.25436423933934
90.920863856127  0.25916214801509
90.377553491556  0.26396005668903
89.844094873188  0.26875796536297
89.320051020165  0.2735558740369
88.80501226189  0.27835378271266
88.298594027501  0.28315169138659
87.8004348526  0.28794960006053
87.310194578225  0.29274750873446
86.827552720368  0.29754541741022
86.352206991115  0.30234332608416
85.8838719549  0.30714123475809
85.422277805392  0.31193914343203
84.967169250323  0.31673705210596
84.518304493103  0.32153496078172
84.075454301336  0.32633286945565
83.638401153572  0.33113077812959
83.206938456553  0.33592868680353
82.780869826138  0.34072659547928
82.360008425812  0.34552450415322
81.944176357357  0.35032241282715
81.53320409887  0.35512032150109
81.126929985787  0.35991823017503
80.725199731051  0.36471613885078
80.327865980949  0.36951404752472
79.934787903509  0.37431195619865
79.545830806628  0.37910986487259
79.160865783422  0.38390777354834
78.779769382508  0.38870568222228
78.40242330115  0.39350359089622
78.028714099398  0.39830149957015
77.658532933538  0.40309940824591
77.29177530731  0.40789731691984
76.92834083949  0.41269522559378
76.568133046577  0.41749313426772
76.211059139418  0.42229104294165
75.85702983272  0.42708895161741
75.505959166487  0.43188686029134
75.157764338486  0.43668476896528
74.812365546953  0.44148267763921
74.469685842793  0.44628058631497
74.129650990591  0.45107849498891
73.792189337811  0.45587640366284
73.457231691626  0.46067431233678
73.124711202836  0.46547222101253
72.794563256389  0.47027012968647
72.466725368074  0.4750680383604
72.141137086959  0.47986594703434
71.8177399032  0.48466385570828
71.496477160866  0.48946176438403
71.177293975457  0.49425967305797
70.860137155817  0.4990575817319
70.544955130151  0.50385549040584
70.231697875908  0.5086533990816
69.920316853262  0.51345130775553
69.610764941998  0.51824921642947
69.30299638157  0.5230471251034
68.996966714159  0.52784503377916
68.692632730531  0.53264294245309
68.389952418549  0.53744085112703
68.088884914167  0.54223875980097
67.789390454766  0.5470366684749
67.491430334701  0.55183457715066
67.194966862926  0.55663248582459
66.899963322577  0.56143039449853
66.606383932412  0.56622830317247
66.314193809993  0.57102621184822
66.02335893652  0.57582412052216
65.733846123225  0.58062202919609
65.445622979234  0.58541993787003
65.15865788083  0.59021784654578
64.872919942025  0.59501575521972
64.58837898639  0.59981366389366
64.305005520057  0.60461157256759
64.02277070584  0.60940948124153
63.741646338423  0.61420738991728
63.461604820543  0.61900529859122
63.18261914013  0.62380320726515
62.904662848351  0.62860111593909
62.627710038504  0.63339902461485
62.351735325728  0.63819693328878
62.076713827489  0.64299484196272
61.802621144787  0.64779275063665
61.529433344066  0.65259065931059
61.25712693978  0.65738856798635
60.985678877589  0.66218647666028
60.715066518144  0.66698438533422
60.445267621442  0.67178229400815
60.176260331717  0.67658020268391
59.908023162841  0.68137811135784
59.640534984206  0.68617602003178
59.373775007072  0.69097392870572
59.107722771347  0.69577183738147
58.842358132786  0.70056974605541
58.57766125058  0.70536765472934
58.313612575323  0.71016556340328
58.050192837332  0.71496347207722
57.787383035302  0.71976138075297
57.525164425287  0.72455928942691
57.263518509974  0.72935719810084
57.002427028249  0.73415510677478
56.741871945037  0.73895301545053
56.481835441395  0.74375092412447
56.222299904844  0.74854883279841
55.963247919939  0.75334674147234
55.704662259043  0.7581446501481
55.446525873317  0.76294255882203
55.18882188389  0.76774046749597
54.931533573213  0.7725383761699
54.67464437658  0.77733628484384
54.418137873803  0.7821341935196
54.161997781038  0.78693210219353
53.906207942739  0.79173001086747
53.650752323746  0.7965279195414
53.395615001473  0.80132582821716
53.140780158219  0.8061237368911
52.886232073562  0.81092164556503
52.631955116844  0.81571955423897
52.377933739727  0.82051746291472
52.124152468827  0.82531537158866
51.870595898397  0.83011328026259
51.617248683063  0.83491118893653
51.364095530599  0.83970909761047
51.111121194737  0.84450700628622
50.858310467999  0.84930491496016
50.605648174536  0.85410282363409
50.353119162984  0.85890073230803
50.100708299308  0.86369864098378
49.848400459631  0.86849654965772
49.596180523051  0.87329445833166
49.344033364418  0.87809236700559
49.091943847075  0.88289027568135
48.839896815545  0.88768818435528
48.587877088164  0.89248609302922
48.33586944964  0.89728400170316
48.083858643536  0.90208191037709
47.831829364658  0.90687981905285
47.57976625135  0.91167772772678
47.327653877671  0.91647563640072
47.075476745452  0.92127354507465
46.823219276218  0.92607145375041
46.570865802963  0.93086936242435
46.318400561768  0.93566727109828
46.065807683242  0.94046517977222
45.813071183784  0.94526308844615
45.560174956638  0.95006099712191
45.307102762736  0.95485890579585
45.053838221313  0.95965681446978
44.800364800271  0.96445472314372
44.546665806281  0.96925263181947
44.292724374603  0.97405054049341
44.038523458606  0.97884844916734
43.784045818968  0.98364635784128
43.529274012533  0.98844426651704
43.274190380803  0.99324217519097
43.018777038049  0.99804008386491
42.763015859003  1.0028379925388
42.506888466118  1.0076359012128
42.250376216358  1.0124338098885
41.993460187495  1.0172317185625
41.736121163881  1.0220296272364
41.478339621657  1.0268275359103
41.220095713365  1.0316254445861
40.961369251936  1.03642335326
40.702139693993  1.041221261934
40.442386122447  1.0460191706079
40.182087228322  1.0508170792837
39.921221291777  1.0556149879576
39.659766162254  1.0604128966315
39.397699237714  1.0652108053055
39.134997442889  1.0700087139794
38.871637206479  1.0748066226552
38.607594437248  1.0796045313291
38.342844498914  1.084402440003
38.077362183775  1.089200348677
37.811121684971  1.0939982573527
37.544096567298  1.0987961660267
37.276259736456  1.1035940747006
37.007583406641  1.1083919833745
36.73803906635  1.1131898920503
36.467597442271  1.1179878007242
36.196228461122  1.1227857093982
35.923901209285  1.1275836180721
35.650583890072  1.132381526746
35.376243778443  1.1371794354218
35.100847172975  1.1419773440957
34.824359344888  1.1467752527697
34.546744483865  1.1515731614436
34.267965640444  1.1563710701193
33.987984664679  1.1611689787933
33.706762140785  1.1659668874672
33.424257317413  1.1707647961412
33.140428033206  1.1755627048169
32.855230637218  1.1803606134908
32.568619903756  1.1851585221648
32.28054894116  1.1899564308387
31.990969093954  1.1947543395127
31.699829837801  1.1995522481884
31.40707866656  1.2043501568623
31.112660970728  1.2091480655363
30.816519906427  1.2139459742102
30.518596254027  1.218743882886
30.21882826537  1.2235417915599
29.917151498448  1.2283397002338
29.613498638248  1.2331376089078
29.307799302318  1.2379355175817
28.999979829417  1.2427334262575
28.689963049417  1.2475313349314
28.377668032379  1.2523292436053
28.063009814439  1.2571271522793
27.745899097829  1.261925060955
27.426241921981  1.266722969629
27.103939302233  1.2715208783029
26.778886832133  1.2763187869768
26.450974244761  1.2811166956526
26.120084927785  1.2859146043265
25.786095386128  1.2907125130005
25.448874645175  1.2955104216744
25.108283586261  1.3003083303483
24.7641742048  1.3051062390241
24.416388779775  1.309904147698
24.064758941281  1.314702056372
23.709104620388  1.3194999650459
23.34923286269  1.3242978737217
22.984936483232  1.3290957823956
22.615992536146  1.3338936910695
22.242160566815  1.3386915997435
21.863180607571  1.3434895084192
21.478770869416  1.3482874170932
21.088625071467  1.3530853257671
20.692409336164  1.357883234441
20.289758560739  1.362681143115
19.880272152813  1.3674790517907
19.463508988471  1.3722769604647
19.038981412298  1.3770748691386
18.606148047173  1.3818727778125
18.164405112018  1.3866706864883
17.713075850948  1.3914685951622
17.251397546331  1.3962665038362
16.778505404895  1.4010644125101
16.293412344822  1.4058623211859
15.794983333238  1.4106602298598
15.281902363989  1.4154581385337
14.752629320266  1.4202560472077
14.205342657993  1.4250539558816
13.637861763072  1.4298518645573
13.047539414734  1.4346497732313
12.431108962005  1.4394476819052
11.784460474699  1.4442455905792
11.102300823534  1.4490434992549
10.377614410945  1.4538414079288
9.6007598633038  1.4586393166028
8.7578481081155  1.4634372252767
7.8275486119283  1.4682351339525
6.7739301931342  1.4730330426264
5.5268837955328  1.4778309513003
3.9052740030932  1.4826288599743
0  1.4874267686482


