#d+<sup>27</sup>Al&rarr;d+<sup>27</sup>Al, <em>E<sub>k</sub></em>(d)=2 MeV
#<em>&theta;</em><sub>4</sub>, <em>KE</em><sub>4</sub>
0  0.51729861101921
3.3097969002237  0.51557428231536
4.6833704444267  0.5138499536115
5.7391411355016  0.51212562490764
6.6307039442128  0.51040129620378
7.4175180386883  0.50867696750356
8.1300610687369  0.5069526387997
8.7864286368286  0.50522831009584
9.3984050076444  0.50350398139199
9.974171488935  0.50177965268813
10.51968195523  0.50005532398427
11.039428980352  0.49833099528041
11.536901245261  0.49660666657655
12.014871877545  0.49488233787633
12.475588345763  0.49315800917248
12.920902110513  0.49143368046862
13.352359861468  0.48970935176476
13.771269395947  0.4879850230609
14.178748254265  0.48626069435704
14.575760325823  0.48453636565318
14.96314387334  0.48281203694933
15.341633312672  0.48108770824911
15.711876368607  0.47936337954525
16.074447752464  0.47763905084139
16.429860186181  0.47591472213753
16.778573376026  0.47419039343367
17.121001383495  0.47246606472982
17.457518729878  0.47074173602596
17.78846549059  0.4690174073221
18.114151576313  0.46729307862188
18.43486035413  0.46556874991802
18.75085172888  0.46384442121416
19.062364779879  0.4621200925103
19.369620028994  0.46039576380645
19.672821401128  0.45867143510259
19.972157926607  0.45694710639873
20.2678052258  0.45522277769487
20.559926809079  0.45349844899465
20.848675219406  0.45177412029079
21.134193040243  0.45004979158693
21.416613787662  0.44832546288308
21.696062702523  0.44660113417922
21.972657456055  0.44487680547536
22.246508780139  0.4431524767715
22.517721031878  0.44142814806764
22.786392700646  0.43970381936742
23.052616864609  0.43797949066357
23.316481602739  0.43625516195971
23.578070367519  0.43453083325585
23.837462322817  0.43280650455199
24.094732650833  0.43108217584813
24.349952831508  0.42935784714427
24.603190897354  0.42763351844405
24.854511666303  0.4259091897402
25.103976954842  0.42418486103634
25.35164577344  0.42246053233248
25.597574506038  0.42073620362862
25.841817075157  0.41901187492476
26.084425094008  0.4172875462209
26.325448006842  0.41556321751705
26.564933218628  0.41383888881683
26.802926215033  0.41211456011297
27.039470673583  0.41039023140911
27.274608566786  0.40866590270525
27.508380257908  0.40694157400139
27.74082459005  0.40521724529754
27.971978969074  0.40349291659368
28.201879440902  0.40176858788982
28.430560763644  0.4000442591896
28.658056474976  0.39831993048574
28.88439895515  0.39659560178188
29.109619485961  0.39487127307802
29.333748306017  0.39314694437417
29.556814662557  0.39142261567031
29.778846860109  0.38969828696645
29.9998723062  0.38797395826259
30.219917554353  0.38624962956237
30.439008344551  0.38452530085851
30.657169641362  0.38280097215466
30.874425669883  0.3810766434508
31.090799949656  0.37935231474694
31.306315326703  0.37762798604308
31.520994003797  0.37590365733922
31.734857569096  0.37417932863536
31.947927023244  0.37245499993514
32.160222805049  0.37073067123129
32.371764815812  0.36900634252743
32.582572442417  0.36728201382357
32.792664579245  0.36555768511971
33.002059648991  0.36383335641585
33.210775622449  0.36210902771199
33.418830037338  0.36038469900814
33.626240016218  0.35866037030792
33.833022283555  0.35693604160406
34.039193181983  0.3552117129002
34.244768687818  0.35348738419634
34.44976442586  0.35176305549248
34.654195683527  0.35003872678863
34.858077424365  0.34831439808477
35.06142430096  0.34659006938455
35.264250667293  0.34486574068069
35.46657059057  0.34314141197683
35.668397862548  0.34141708327297
35.869746010398  0.33969275456911
36.070628307122  0.33796842586526
36.271057781544  0.3362440971614
36.471047227913  0.33451976845754
36.670609215124  0.33279543975732
36.869756095588  0.33107111105346
37.068500013765  0.3293467823496
37.266852914374  0.32762245364574
37.464826550312  0.32589812494189
37.662432490276  0.32417379623803
37.859682126123  0.32244946753417
38.056586679972  0.32072513883031
38.253157211064  0.31900081013009
38.449404622388  0.31727648142623
38.645339667096  0.31555215272238
38.840972954708  0.31382782401852
39.036314957122  0.31210349531466
39.231376014438  0.3103791666108
39.426166340611  0.30865483790694
39.620696028936  0.30693050920308
39.814975057369  0.30520618050286
40.009013293715  0.30348185179901
40.202820500658  0.30175752309515
40.396406340672  0.30003319439129
40.589780380798  0.29830886568743
40.782952097307  0.29658453698357
40.975930880251  0.29486020827972
41.168726037907  0.29313587957586
41.361346801119  0.29141155087564
41.55380232756  0.28968722217178
41.746101705887  0.28796289346792
41.938253959833  0.28623856476406
42.130268052209  0.2845142360602
42.322152888843  0.28278990735635
42.513917322451  0.28106557865249
42.70557015644  0.27934124994863
42.897120148665  0.27761692124841
43.088576015126  0.27589259254455
43.279946433622  0.27416826384069
43.471240047355  0.27244393513683
43.662465468503  0.27071960643298
43.853631281754  0.26899527772912
44.044746047807  0.26727094902526
44.235818306851  0.2655466203214
44.426856582017  0.26382229162118
44.617869382812  0.26209796291732
44.808865208541  0.26037363421347
44.999852551711  0.25864930550961
45.190839901434  0.25692497680575
45.381835746824  0.25520064810189
45.57284858039  0.25347631939803
45.763886901441  0.25175199069781
45.954959219492  0.25002766199395
46.146074057679  0.2483033332901
46.337239956203  0.24657900458624
46.528465475774  0.24485467588238
46.719759201092  0.24313034717852
46.91112974435  0.24140601847466
47.10258574877  0.2396816897708
47.294135892165  0.23795736107058
47.485788890558  0.23623303236673
47.677553501826  0.23450870366287
47.8694385294  0.23278437495901
48.061452826022  0.23106004625515
48.253605297547  0.22933571755129
48.445904906816  0.22761138884744
48.638360677594  0.22588706014358
48.830981698573  0.22416273144336
49.023777127458  0.2224384027395
49.216756195134  0.22071407403564
49.409928209916  0.21898974533178
49.603302561898  0.21726541662792
49.796888727394  0.21554108792407
49.990696273492  0.21381675922021
50.184734862713  0.21209243051635
50.379014257792  0.21036810181613
50.573544326585  0.20864377311227
50.768335047105  0.20691944440841
50.963396512701  0.20519511570456
51.158738937388  0.2034707870007
51.354372661329  0.20174645829684
51.550308156486  0.20002212959298
51.746556032444  0.19829780088912
51.943127042425  0.1965734721889
52.14003208949  0.19484914348504
52.337282232953  0.19312481478119
52.534888695011  0.19140048607733
52.7328628676  0.18967615737347
52.931216319502  0.18795182866961
53.129960803697  0.18622749996575
53.329108264993  0.18450317126189
53.528670847942  0.18277884256167
53.728660905049  0.18105451385782
53.929091005308  0.17933018515396
54.129973943069  0.1776058564501
54.331322747261  0.17588152774624
54.533150690992  0.17415719904238
54.735471301546  0.17243287033853
54.938298370797  0.17070854163467
55.141645966068  0.16898421293445
55.345528441464  0.16725988423059
55.549960449698  0.16553555552673
55.754956954448  0.16381122682287
55.960533243266  0.16208689811901
56.166704941095  0.16036256941516
56.373488024393  0.1586382407113
56.580898835946  0.15691391201108
56.788954100373  0.15518958330722
56.997670940393  0.15346525460336
57.20706689389  0.1517409258995
57.41715993183  0.15001659719564
57.627968477083  0.14829226849179
57.83951142421  0.14656793978793
58.051808160285  0.14484361108407
58.264878586804  0.14311928238385
58.478743142774  0.14139495367999
58.693422829048  0.13967062497613
58.908939233997  0.13794629627228
59.125314560618  0.13622196756842
59.342571655163  0.13449763886456
59.560734037411  0.1327733101607
59.779825932707  0.13104898145684
59.999872305872  0.12932465275662
60.220898897155  0.12760032405276
60.442932260352  0.12587599534891
60.665999803276  0.12415166664505
60.890129830746  0.12242733794119
61.115351590311  0.12070300923733
61.341695320891  0.11897868053347
61.569192304613  0.11725435182962
61.797874922069  0.11553002312939
62.027776711291  0.11380569442554
62.258932430758  0.11208136572168
62.491378126775  0.11035703701782
62.725151205604  0.10863270831396
62.960290510759  0.1069083796101
63.196836405942  0.10518405090625
63.434830864109  0.10345972220239
63.674317563259  0.10173539350217
63.915341989547  0.10001106479831
64.157951548455  0.098286736094451
64.402195684768  0.096562407390593
64.648126012257  0.094838078686735
64.895796454027  0.093113749982876
65.145263394632  0.091389421279018
65.396585845183  0.08966509257516
65.649825622839  0.08794076387494
65.905047546236  0.086216435171082
66.162319648629  0.084492106467223
66.421713410739  0.082767777763365
66.683304015585  0.081043449059507
66.947170627899  0.079319120355649
67.213396701074  0.077594791651791
67.482070315046  0.075870462951571
67.753284548994  0.074146134247712
68.027137893369  0.072421805543854
68.303734706414  0.070697476839996
68.583185721218  0.068973148136138
68.865608610294  0.06724881943228
69.151128615868  0.065524490728421
69.439879255469  0.063800162024563
69.732003114111  0.062075833324343
70.02765273642  0.060351504620485
70.326991634546  0.058627175916627
70.63019543077  0.056902847212768
70.937453157473  0.05517851850891
71.248968741771  0.053454189805052
71.564962707924  0.051729861101194
71.885674137843  0.050005532397336
72.211362939178  0.048281203697115
72.54231248208  0.046556874993257
72.878832680578  0.044832546289399
73.221263613759  0.043108217585541
73.569979806949  0.041383888881683
73.925395326101  0.039659560177824
74.287969882426  0.037935231473966
74.658216203366  0.036210902770108
75.036709006401  0.034486574069888
75.424096023252  0.03276224536603
75.821111677623  0.031037916662171
76.22859424118  0.029313587958313
76.647507613589  0.027589259254455
77.078969347052  0.025864930550597
77.524287252771  0.024140601846739
77.985008036813  0.022416273142881
78.46298317936  0.02069194444266
78.960460172705  0.018967615738802
79.480212173663  0.017243287034944
80.025727899894  0.015518958331086
80.601499972389  0.013794629627228
81.213482328066  0.012070300923369
81.869856360227  0.010345972219511
82.582406456531  0.008621643515653
83.369228407894  0.0068973148154328
84.260800180829  0.0051729861115746
85.316581559964  0.0034486574077164
86.690169104868  0.0017243287038582
90  0


