#d+<sup>27</sup>Al&rarr;d+<sup>27</sup>Al, <em>E<sub>k</sub></em>(d)=2 MeV
#<em>&theta;</em><sub>3</sub>, <em>KE</em><sub>3</sub>
180  1.4827013889826
172.84737441148  1.484425717686
169.88112571308  1.4861500463894
167.60261287261  1.4878743750928
165.67968769176  1.4895987037962
163.98374102633  1.4913230324996
162.4488360484  1.493047361203
161.0358155943  1.4947716899064
159.7191743256  1.4964960186098
158.4812013322  1.4982203473132
157.30900501979  1.4999446760164
156.19285589353  1.5016690047198
155.12519705169  1.5033933334232
154.10002036661  1.5051176621266
153.11245561335  1.50684199083
152.1584899204  1.5085663195334
151.23477032592  1.5102906482368
150.33846119877  1.5120149769402
149.46713896907  1.5137393056436
148.61871288849  1.515463634347
147.79136436194  1.5171879630504
146.98349979329  1.5189122917538
146.19371343893  1.5206366204573
145.42075778984  1.5223609491607
144.66351969753  1.5240852778641
143.92100093861  1.5258096065675
143.19230224933  1.5275339352709
142.47661010182  1.5292582639743
141.77318566771  1.5309825926777
141.08135554273  1.5327069213811
140.40050390041  1.5344312500845
139.73006581491  1.5361555787879
139.06952154677  1.5378799074913
138.41839162723  1.5396042361947
137.77623260873  1.5413285648981
137.14263337461  1.5430528936013
136.51721192054  1.5447772223047
135.89961253607  1.5465015510081
135.28950332712  1.5482258797115
134.68657403037  1.5499502084149
134.0905340785  1.5516745371183
133.5011108821  1.5533988658217
132.91804829923  1.5551231945251
132.34110526814  1.5568475232285
131.7700545825  1.5585718519319
131.20468179129  1.5602961806353
130.64478420827  1.5620205093387
130.0901700179  1.5637448380421
129.54065746648  1.5654691667455
128.99607412894  1.5671934954489
128.45625624249  1.5689178241523
127.92104810021  1.5706421528557
127.39030149782  1.5723664815591
126.86387522812  1.5740908102625
126.34163461828  1.5758151389659
125.82345110551  1.5775394676693
125.3092018472  1.5792637963727
124.79876936249  1.5809881250761
124.29204120179  1.5827124537795
123.78890964203  1.584436782483
123.28927140491  1.5861611111864
122.79302739634  1.5878854398895
122.30008246487  1.5896097685929
121.81034517773  1.5913340972963
121.32372761267  1.5930584259997
120.84014516445  1.5947827547031
120.35951636463  1.5965070834066
119.88176271359  1.59823141211
119.40680852381  1.5999557408134
118.9345807734  1.6016800695168
118.46500896919  1.6034043982202
117.99802501854  1.6051287269236
117.53356310924  1.606853055627
117.07155959684  1.6085773843304
116.61195289892  1.6103017130338
116.15468339569  1.6120260417372
115.69969333659  1.6137503704406
115.24692675223  1.615474699144
114.79632937163  1.6171990278474
114.347848544  1.6189233565508
113.90143316503  1.6206476852542
113.45703360729  1.6223720139576
113.0146016544  1.624096342661
112.57409043879  1.6258206713644
112.13545438279  1.6275450000678
111.69864914286  1.6292693287712
111.26363155667  1.6309936574746
110.83035959291  1.6327179861778
110.39879230374  1.6344423148812
109.96888977948  1.6361666435846
109.54061310568  1.637890972288
109.11392432218  1.6396153009914
108.68878638424  1.6413396296948
108.26516312543  1.6430639583982
107.84301922236  1.6447882871016
107.42232016097  1.646512615805
107.0030322044  1.6482369445084
106.58512236233  1.6499612732118
106.16855836168  1.6516856019152
105.75330861853  1.6534099306186
105.33934221144  1.655134259322
104.92662885568  1.6568585880254
104.51513887877  1.6585829167288
104.10484319691  1.6603072454323
103.69571329243  1.6620315741357
103.28772119212  1.6637559028391
102.88083944652  1.6654802315425
102.47504110988  1.6672045602459
102.07029972106  1.6689288889493
101.66658928507  1.6706532176527
101.26388425531  1.6723775463561
100.86215951648  1.6741018750595
100.46139036817  1.6758262037627
100.06155250896  1.6775505324661
99.662622021104  1.6792748611695
99.26457535582  1.6809991898729
98.867389318972  1.6827235185763
98.471041057309  1.6844478472797
98.075508045136  1.6861721759831
97.680768071413  1.6878965046865
97.286799227267  1.6896208333899
96.893579893892  1.6913451620933
96.501088730812  1.6930694907967
96.109304664498  1.6947938195001
95.718206877313  1.6965181482035
95.327774796768  1.6982424769069
94.93798808508  1.6999668056103
94.548826629001  1.7016911343137
94.160270529921  1.7034154630171
93.77230009422  1.7051397917205
93.384895823855  1.7068641204239
92.998038407172  1.7085884491273
92.611708709929  1.7103127778307
92.225887766518  1.7120371065341
91.840556771377  1.7137614352375
91.45569707057  1.7154857639409
91.071290153544  1.7172100926443
90.687317645026  1.7189344213477
90.303761297079  1.7206587500509
89.920602981278  1.7223830787543
89.537824681022  1.7241074074577
89.155408483957  1.7258317361611
88.773336574502  1.7275560648645
88.391591226479  1.7292803935679
88.010154795826  1.7310047222713
87.629009713393  1.7327290509747
87.248138477811  1.7344533796781
86.867523648422  1.7361777083815
86.487147838267  1.737902037085
86.106993707122  1.7396263657884
85.727043954575  1.7413506944918
85.347281313128  1.7430750231952
84.967688541337  1.7447993518986
84.588248416959  1.746523680602
84.20894373011  1.7482480093054
83.829757276429  1.7499723380088
83.450671850233  1.7516966667122
83.071670237659  1.7534209954156
82.692735209785  1.755145324119
82.313849515726  1.7568696528224
81.934995875688  1.7585939815258
81.556156973981  1.7603183102292
81.177315451979  1.7620426389326
80.79845390102  1.7637669676358
80.419554855238  1.7654912963392
80.040600784314  1.7672156250426
79.661574086148  1.768939953746
79.28245707943  1.7706642824494
78.903231996111  1.7723886111528
78.523880973761  1.7741129398562
78.144386047803  1.7758372685596
77.764729143616  1.777561597263
77.384892068497  1.7792859259664
77.004856503465  1.7810102546698
76.62460399491  1.7827345833732
76.244115946053  1.7844589120766
75.863373608235  1.78618324078
75.482358071998  1.7879075694834
75.101050257952  1.7896318981868
74.719430907422  1.7913562268902
74.337480572856  1.7930805555936
73.955179607978  1.794804884297
73.572508157667  1.7965292130004
73.189446147566  1.7982535417038
72.805973273374  1.7999778704072
72.422068989826  1.8017021991107
72.037712499343  1.8034265278141
71.652882740312  1.8051508565175
71.267558375002  1.8068751852209
70.881717777074  1.808599513924
70.495339018676  1.8103238426274
70.10839985709  1.8120481713308
69.720877720913  1.8137725000342
69.332749695739  1.8154968287377
68.943992509318  1.8172211574411
68.554582516167  1.8189454861445
68.164495681583  1.8206698148479
67.773707565054  1.8223941435513
67.382193302999  1.8241184722547
66.989927590833  1.8258428009581
66.596884664284  1.8275671296615
66.203038279949  1.8292914583649
65.808361695025  1.8310157870683
65.41282764617  1.8327401157717
65.016408327448  1.8344644444751
64.619075367301  1.8361887731785
64.220799804483  1.8379131018819
63.821552062905  1.8396374305853
63.421301925312  1.8413617592887
63.020018505732  1.8430860879921
62.617670220607  1.8448104166955
62.214224758537  1.8465347453989
61.80964904854  1.8482590741023
61.403909226739  1.8499834028057
60.996970601365  1.8517077315089
60.588797615978  1.8534320602123
60.179353810782  1.8551563889157
59.768601781905  1.8568807176191
59.356503138514  1.8586050463225
58.943018457606  1.8603293750259
58.528107236333  1.8620537037293
58.111727841665  1.8637780324327
57.693837457223  1.8655023611361
57.274392027076  1.8672266898395
56.853346196271  1.8689510185429
56.430653247869  1.8706753472463
56.006265036227  1.8723996759497
55.580131916235  1.8741240046531
55.152202668208  1.8758483333565
54.722424418098  1.8775726620599
54.290742552656  1.8792969907634
53.857100629141  1.8810213194668
53.421440279147  1.8827456481702
52.983701106059  1.8844699768736
52.543820575615  1.886194305577
52.10173389899  1.8879186342804
51.657373907772  1.8896429629838
51.210670920119  1.8913672916872
50.761552597325  1.8930916203906
50.309943789939  1.894815949094
49.855766372479  1.8965402777972
49.3989390657  1.8982646065006
48.939377245241  1.899988935204
48.476992735341  1.9017132639074
48.011693586188  1.9034375926108
47.543383833265  1.9051619213142
47.071963236899  1.9068862500176
46.597326999954  1.908610578721
46.119365461409  1.9103349074244
45.637963763234  1.9120592361278
45.153001487671  1.9137835648312
44.664352261631  1.9155078935346
44.171883324495  1.917232222238
43.675455055091  1.9189565509414
43.174920453028  1.9206808796448
42.670124568889  1.9224052083482
42.160903876982  1.9241295370516
41.647085583412  1.925853865755
41.128486861127  1.9275781944584
40.604914002304  1.9293025231618
40.076161476877  1.9310268518652
39.542010884215  1.9327511805686
39.002229782722  1.934475509272
38.45657037955  1.9361998379754
37.904768059442  1.9379241666788
37.346539727889  1.9396484953822
36.781581939155  1.9413728240854
36.209568774035  1.9430971527888
35.630149425215  1.9448214814922
35.042945439474  1.9465458101956
34.447547555214  1.948270138899
33.843512060335  1.9499944676024
33.230356578483  1.9517187963058
32.607555170125  1.9534431250092
31.974532607234  1.9551674537126
31.330657644671  1.9568917824161
30.675235064757  1.9586161111195
30.007496210237  1.9603404398229
29.326587639261  1.9620647685263
28.631557426236  1.9637890972297
27.921338482865  1.9655134259331
27.194728067157  1.9672377546365
26.450362358864  1.9689620833399
25.686684567722  1.9706864120433
24.901904443693  1.9724107407467
24.093946175633  1.9741350694501
23.260380331262  1.9758593981535
22.39833342668  1.9775837268569
21.504365427773  1.9793080555603
20.574300089136  1.9810323842637
19.602983846161  1.9827567129671
18.583932654839  1.9844810416703
17.508795715748  1.9862053703737
16.366504703382  1.9879296990771
15.141848691433  1.9896540277805
13.812915408417  1.9913783564839
12.346052822355  1.9931026851873
10.684575093397  1.9948270138907
8.7178787374792  1.9965513425941
6.160212934503  1.9982756712975
0  2.0000000000009


