#d+d&rarr;d+d, <em>E<sub>k</sub></em>(d)=2 MeV
#<em>&theta;</em><sub>3</sub>, <em>&theta;</em><sub>4</sub>
90  0
86.689305853375  3.3089338816582
85.315362782328  4.6821519934308
84.259309997144  5.7376513484936
83.36751059282  6.6289865832966
82.580489129591  7.4156012151796
81.867759598594  8.1279648538519
81.211221423622  8.78416831784
80.599087094171  9.3959927498647
80.023173044408  9.9716172857691
79.477523753179  10.5169942163
78.957645401708  11.036614917844
78.460048340392  11.533967139689
77.981958670198  12.011823267425
77.521128296183  12.472430167137
77.075705240784  12.917638802192
76.644142381683  13.348995446137
76.225131555096  13.767807543815
75.817554907016  14.175192333829
75.420448277026  14.572113444909
75.032973166326  14.959408912711
74.654394951897  15.337812953837
74.284065725958  15.70797311707
73.921410614579  16.070463957331
73.565916750543  16.425798056823
73.217124297136  16.774434996357
72.874619075213  17.116788724269
72.538026456929  17.453233659367
72.207006269993  17.784109783891
71.881248515334  18.10972692351
71.560469744957  18.430368367489
71.244409979733  18.746293949212
70.932830071934  19.0577426822
70.625509436533  19.364935027575
70.322244090168  19.668074854012
70.022844948278  19.967351139676
69.727136340065  20.262939456437
69.434954708177  20.55500326948
69.14614746579  20.843695079584
68.860571988427  21.129157430762
68.578094721583  21.411523802126
68.298590388339  21.690919399854
68.021941283572  21.967461862576
67.748036643498  22.241261891489
67.476772080942  22.512423814779
67.208049078146  22.78104609452
66.941774530122  23.047221783082
66.677860332518  23.311038935026
66.416223008807  23.572580979714
66.156783372321  23.831927059084
65.899466219215  24.08915233452
65.644200048976  24.34432826618
65.390916809527  24.597522867759
65.139551664306  24.848800939273
64.890042779076  25.098224280136
64.642331126436  25.345851884536
64.396360306284  25.591740120871
64.152076380663  25.835942896816
63.909427721604  26.078511811391
63.668364870738  26.319496295271
63.428840409582  26.558943740427
63.190808839526  26.796899620077
62.954226470632  27.033407599814
62.719051318495  27.268509640701
62.485243008424  27.502246095023
62.252762686355  27.734655795334
62.021572935891  27.965776137365
61.791637700983  28.1956431573
61.562922213784  28.424291603886
61.335392927249  28.651755005791
61.109017452111  28.878065734593
60.883764497888  29.103255063739
60.65960381761  29.327353223791
60.436506155975  29.550389454237
60.214443200684  29.772392052132
59.993387536714  29.993388417794
59.773312603311  30.213405097794
59.554192653512  30.432467825404
59.336002716014  30.650601558713
59.118718559215  30.867830516563
58.902316657287  31.084178212454
58.686774158138  31.29966748657
58.472068853127  31.514320536042
58.258179148426  31.728158943575
58.045084037906  31.941203704542
57.832763077459  32.153475252649
57.621196360653  32.364993484269
57.410364495644  32.575777781514
57.200248583249  32.785847034151
56.99083019613  32.995219660406
56.782091358997  33.203913626754
56.57401452978  33.411946466729
56.366582581705  33.619335298842
56.159778786233  33.826096843638
55.953586796779  34.032247439956
55.747990633208  34.237803060439
55.542974667019  34.442779326329
55.33852360721  34.647191521599
55.134622486767  34.851054606462
54.931256649747  35.054383230274
54.728411738916  35.257191743891
54.526073683922  35.459494211492
54.32422868996  35.661304421905
54.122863226908  35.862635899467
53.921964018912  36.063501914434
53.721518034385  36.263915492977
53.521512476406  36.463889426774
53.321934773494  36.663436282236
53.122772570738  36.862568409371
52.92401372126  37.061297950315
52.725646278005  37.259636847541
52.527658485818  37.457596851775
52.330038773821  37.655189529617
52.132775748048  37.8524262709
51.935858184348  38.04931829579
51.739275021518  38.24587666164
51.543015354677  38.442112269622
51.347068428849  38.638035871135
51.151423632757  38.83365807401
50.956070492812  39.02898934852
50.760998667286  39.224040033202
50.566197940659  39.418820340508
50.371658218135  39.613340362287
50.177369520315  39.807610075113
49.983321978012  40.00163934546
49.789505827218  40.195437934742
49.595911404192  40.389015504214
49.402529140683  40.582381619758
49.209349559265  40.775545756534
49.016363268788  40.968517303539
48.823560959931  41.161305568044
48.630933400853  41.353919779945
48.438471432947  41.546369096008
48.246165966664  41.738662604041
48.054007977438  41.930809326973
47.861988501671  42.122818226861
47.6700986328  42.31469820883
47.478329517424  42.506458124934
47.286672351499  42.698106777973
47.095118376582  42.889652925237
46.903658876134  43.081105282209
46.712285171867  43.272472526218
46.520988620133  43.46376330004
46.329760608358  43.654986215475
46.138592551506  43.846149856875
45.947475888575  44.037262784653
45.756402079122  44.228333538752
45.565362599805  44.419370642104
45.374348940956  44.610382604062
45.183352603154  44.801377923821
44.992365093821  44.992365093821
44.801377923821  45.183352603154
44.610382604062  45.374348940956
44.419370642104  45.565362599805
44.228333538752  45.756402079122
44.037262784653  45.947475888575
43.846149856875  46.138592551506
43.654986215475  46.329760608358
43.46376330004  46.520988620133
43.272472526218  46.712285171867
43.081105282209  46.903658876134
42.889652925237  47.095118376582
42.698106777973  47.286672351499
42.506458124934  47.478329517424
42.31469820883  47.6700986328
42.122818226861  47.861988501671
41.930809326973  48.054007977438
41.738662604041  48.246165966664
41.546369096008  48.438471432947
41.353919779945  48.630933400853
41.161305568044  48.823560959931
40.968517303539  49.016363268788
40.775545756534  49.209349559265
40.582381619758  49.402529140683
40.389015504214  49.595911404192
40.195437934742  49.789505827218
40.00163934546  49.983321978012
39.807610075113  50.177369520315
39.613340362287  50.371658218135
39.418820340508  50.566197940659
39.224040033202  50.760998667286
39.02898934852  50.956070492812
38.83365807401  51.151423632757
38.638035871135  51.347068428849
38.442112269622  51.543015354677
38.24587666164  51.739275021518
38.04931829579  51.935858184348
37.8524262709  52.132775748048
37.655189529617  52.330038773821
37.457596851775  52.527658485818
37.259636847541  52.725646278005
37.061297950315  52.92401372126
36.862568409371  53.122772570738
36.663436282236  53.321934773494
36.463889426774  53.521512476406
36.263915492977  53.721518034385
36.063501914434  53.921964018912
35.862635899467  54.122863226908
35.661304421905  54.32422868996
35.459494211492  54.526073683922
35.257191743891  54.728411738916
35.054383230274  54.931256649747
34.851054606462  55.134622486767
34.647191521599  55.33852360721
34.442779326329  55.542974667019
34.237803060439  55.747990633208
34.032247439956  55.953586796779
33.826096843638  56.159778786233
33.619335298842  56.366582581705
33.411946466729  56.57401452978
33.203913626754  56.782091358997
32.995219660406  56.99083019613
32.785847034151  57.200248583249
32.575777781514  57.410364495644
32.364993484269  57.621196360653
32.153475252649  57.832763077459
31.941203704542  58.045084037906
31.728158943575  58.258179148426
31.514320536042  58.472068853127
31.29966748657  58.686774158138
31.084178212454  58.902316657287
30.867830516563  59.118718559215
30.650601558713  59.336002716014
30.432467825404  59.554192653512
30.213405097794  59.773312603311
29.993388417794  59.993387536714
29.772392052132  60.214443200684
29.550389454237  60.436506155975
29.327353223791  60.65960381761
29.103255063739  60.883764497888
28.878065734593  61.109017452111
28.651755005791  61.335392927249
28.424291603886  61.562922213784
28.1956431573  61.791637700983
27.965776137365  62.021572935891
27.734655795334  62.252762686355
27.502246095023  62.485243008424
27.268509640701  62.719051318495
27.033407599814  62.954226470632
26.796899620077  63.190808839526
26.558943740427  63.428840409582
26.319496295271  63.668364870738
26.078511811391  63.909427721604
25.835942896816  64.152076380663
25.591740120871  64.396360306284
25.345851884536  64.642331126436
25.098224280136  64.890042779076
24.848800939273  65.139551664306
24.597522867759  65.390916809527
24.34432826618  65.644200048976
24.08915233452  65.899466219215
23.831927059084  66.156783372321
23.572580979714  66.416223008807
23.311038935026  66.677860332518
23.047221783082  66.941774530122
22.78104609452  67.208049078146
22.512423814779  67.476772080942
22.241261891489  67.748036643498
21.967461862576  68.021941283572
21.690919399854  68.298590388339
21.411523802126  68.578094721583
21.129157430762  68.860571988427
20.843695079584  69.14614746579
20.55500326948  69.434954708177
20.262939456437  69.727136340065
19.967351139676  70.022844948278
19.668074854012  70.322244090168
19.364935027575  70.625509436533
19.0577426822  70.932830071934
18.746293949212  71.244409979733
18.430368367489  71.560469744957
18.10972692351  71.881248515334
17.784109783891  72.207006269993
17.453233659367  72.538026456929
17.116788724269  72.874619075213
16.774434996357  73.217124297136
16.425798056823  73.565916750543
16.070463957331  73.921410614579
15.70797311707  74.284065725958
15.337812953837  74.654394951897
14.959408912711  75.032973166326
14.572113444909  75.420448277026
14.175192333829  75.817554907016
13.767807543815  76.225131555096
13.348995446137  76.644142381683
12.917638802192  77.075705240784
12.472430167137  77.521128296183
12.011823267425  77.981958670198
11.533967139689  78.460048340392
11.036614917844  78.957645401708
10.5169942163  79.477523753179
9.9716172857691  80.023173044408
9.3959927498647  80.599087094171
8.78416831784  81.211221423622
8.1279648538519  81.867759598594
7.4156012151796  82.580489129591
6.6289865832966  83.36751059282
5.7376513484936  84.259309997144
4.6821519934308  85.315362782328
3.3089338816582  86.689305853375
0  90


