#d+d&rarr;d+d, <em>E<sub>k</sub></em>(d)=2 MeV
#<em>&theta;</em><sub>3</sub>, <em>KE</em><sub>3</sub>
90  2.2737367544323E-13
86.689305853375  0.006666666666888
85.315362782328  0.013333333333549
84.259309997144  0.020000000000209
83.36751059282  0.02666666666687
82.580489129591  0.03333333333353
81.867759598594  0.040000000000191
81.211221423622  0.046666666666852
80.599087094171  0.053333333333512
80.023173044408  0.060000000000173
79.477523753179  0.066666666666833
78.957645401708  0.073333333333494
78.460048340392  0.080000000000155
77.981958670198  0.086666666666815
77.521128296183  0.093333333333476
77.075705240784  0.10000000000014
76.644142381683  0.1066666666668
76.225131555096  0.11333333333346
75.817554907016  0.12000000000012
75.420448277026  0.12666666666678
75.032973166326  0.13333333333344
74.654394951897  0.1400000000001
74.284065725958  0.14666666666676
73.921410614579  0.15333333333342
73.565916750543  0.16000000000008
73.217124297136  0.16666666666697
72.874619075213  0.17333333333363
72.538026456929  0.18000000000029
72.207006269993  0.18666666666695
71.881248515334  0.19333333333361
71.560469744957  0.20000000000027
71.244409979733  0.20666666666693
70.932830071934  0.21333333333359
70.625509436533  0.22000000000025
70.322244090168  0.22666666666692
70.022844948278  0.23333333333358
69.727136340065  0.24000000000024
69.434954708177  0.2466666666669
69.14614746579  0.25333333333356
68.860571988427  0.26000000000022
68.578094721583  0.26666666666688
68.298590388339  0.27333333333354
68.021941283572  0.2800000000002
67.748036643498  0.28666666666686
67.476772080942  0.29333333333352
67.208049078146  0.30000000000018
66.941774530122  0.30666666666684
66.677860332518  0.3133333333335
66.416223008807  0.32000000000016
66.156783372321  0.32666666666682
65.899466219215  0.33333333333348
65.644200048976  0.34000000000015
65.390916809527  0.34666666666681
65.139551664306  0.35333333333347
64.890042779076  0.36000000000013
64.642331126436  0.36666666666679
64.396360306284  0.37333333333345
64.152076380663  0.38000000000011
63.909427721604  0.38666666666677
63.668364870738  0.39333333333343
63.428840409582  0.40000000000009
63.190808839526  0.40666666666698
62.954226470632  0.41333333333364
62.719051318495  0.4200000000003
62.485243008424  0.42666666666696
62.252762686355  0.43333333333362
62.021572935891  0.44000000000028
61.791637700983  0.44666666666694
61.562922213784  0.4533333333336
61.335392927249  0.46000000000026
61.109017452111  0.46666666666692
60.883764497888  0.47333333333358
60.65960381761  0.48000000000025
60.436506155975  0.48666666666691
60.214443200684  0.49333333333357
59.993387536714  0.50000000000023
59.773312603311  0.50666666666689
59.554192653512  0.51333333333355
59.336002716014  0.52000000000021
59.118718559215  0.52666666666687
58.902316657287  0.53333333333353
58.686774158138  0.54000000000019
58.472068853127  0.54666666666685
58.258179148426  0.55333333333351
58.045084037906  0.56000000000017
57.832763077459  0.56666666666683
57.621196360653  0.57333333333349
57.410364495644  0.58000000000015
57.200248583249  0.58666666666682
56.99083019613  0.59333333333348
56.782091358997  0.60000000000014
56.57401452978  0.6066666666668
56.366582581705  0.61333333333346
56.159778786233  0.62000000000012
55.953586796779  0.62666666666678
55.747990633208  0.63333333333344
55.542974667019  0.6400000000001
55.33852360721  0.64666666666699
55.134622486767  0.65333333333365
54.931256649747  0.66000000000031
54.728411738916  0.66666666666697
54.526073683922  0.67333333333363
54.32422868996  0.68000000000029
54.122863226908  0.68666666666695
53.921964018912  0.69333333333361
53.721518034385  0.70000000000027
53.521512476406  0.70666666666693
53.321934773494  0.71333333333359
53.122772570738  0.72000000000025
52.92401372126  0.72666666666692
52.725646278005  0.73333333333358
52.527658485818  0.74000000000024
52.330038773821  0.7466666666669
52.132775748048  0.75333333333356
51.935858184348  0.76000000000022
51.739275021518  0.76666666666688
51.543015354677  0.77333333333354
51.347068428849  0.7800000000002
51.151423632757  0.78666666666686
50.956070492812  0.79333333333352
50.760998667286  0.80000000000018
50.566197940659  0.80666666666684
50.371658218135  0.8133333333335
50.177369520315  0.82000000000016
49.983321978012  0.82666666666682
49.789505827218  0.83333333333348
49.595911404192  0.84000000000015
49.402529140683  0.84666666666681
49.209349559265  0.85333333333347
49.016363268788  0.86000000000013
48.823560959931  0.86666666666679
48.630933400853  0.87333333333345
48.438471432947  0.88000000000011
48.246165966664  0.886666666667
48.054007977438  0.89333333333366
47.861988501671  0.90000000000032
47.6700986328  0.90666666666698
47.478329517424  0.91333333333364
47.286672351499  0.9200000000003
47.095118376582  0.92666666666696
46.903658876134  0.93333333333362
46.712285171867  0.94000000000028
46.520988620133  0.94666666666694
46.329760608358  0.9533333333336
46.138592551506  0.96000000000026
45.947475888575  0.96666666666692
45.756402079122  0.97333333333358
45.565362599805  0.98000000000025
45.374348940956  0.98666666666691
45.183352603154  0.99333333333357
44.992365093821  1.0000000000002
44.801377923821  1.0066666666669
44.610382604062  1.0133333333335
44.419370642104  1.0200000000002
44.228333538752  1.0266666666669
44.037262784653  1.0333333333335
43.846149856875  1.0400000000002
43.654986215475  1.0466666666669
43.46376330004  1.0533333333335
43.272472526218  1.0600000000002
43.081105282209  1.0666666666668
42.889652925237  1.0733333333335
42.698106777973  1.0800000000002
42.506458124934  1.0866666666668
42.31469820883  1.0933333333335
42.122818226861  1.1000000000001
41.930809326973  1.1066666666668
41.738662604041  1.1133333333335
41.546369096008  1.1200000000003
41.353919779945  1.126666666667
41.161305568044  1.1333333333337
40.968517303539  1.1400000000003
40.775545756534  1.146666666667
40.582381619758  1.1533333333336
40.389015504214  1.1600000000003
40.195437934742  1.166666666667
40.00163934546  1.1733333333336
39.807610075113  1.1800000000003
39.613340362287  1.186666666667
39.418820340508  1.1933333333336
39.224040033202  1.2000000000003
39.02898934852  1.2066666666669
38.83365807401  1.2133333333336
38.638035871135  1.2200000000003
38.442112269622  1.2266666666669
38.24587666164  1.2333333333336
38.04931829579  1.2400000000002
37.8524262709  1.2466666666669
37.655189529617  1.2533333333336
37.457596851775  1.2600000000002
37.259636847541  1.2666666666669
37.061297950315  1.2733333333335
36.862568409371  1.2800000000002
36.663436282236  1.2866666666669
36.463889426774  1.2933333333335
36.263915492977  1.3000000000002
36.063501914434  1.3066666666668
35.862635899467  1.3133333333335
35.661304421905  1.3200000000002
35.459494211492  1.3266666666668
35.257191743891  1.3333333333335
35.054383230274  1.3400000000001
34.851054606462  1.3466666666668
34.647191521599  1.3533333333335
34.442779326329  1.3600000000004
34.237803060439  1.366666666667
34.032247439956  1.3733333333337
33.826096843638  1.3800000000003
33.619335298842  1.386666666667
33.411946466729  1.3933333333337
33.203913626754  1.4000000000003
32.995219660406  1.406666666667
32.785847034151  1.4133333333336
32.575777781514  1.4200000000003
32.364993484269  1.426666666667
32.153475252649  1.4333333333336
31.941203704542  1.4400000000003
31.728158943575  1.4466666666669
31.514320536042  1.4533333333336
31.29966748657  1.4600000000003
31.084178212454  1.4666666666669
30.867830516563  1.4733333333336
30.650601558713  1.4800000000002
30.432467825404  1.4866666666669
30.213405097794  1.4933333333336
29.993388417794  1.5000000000002
29.772392052132  1.5066666666669
29.550389454237  1.5133333333335
29.327353223791  1.5200000000002
29.103255063739  1.5266666666669
28.878065734593  1.5333333333335
28.651755005791  1.5400000000002
28.424291603886  1.5466666666669
28.1956431573  1.5533333333335
27.965776137365  1.5600000000002
27.734655795334  1.5666666666668
27.502246095023  1.5733333333335
27.268509640701  1.5800000000002
27.033407599814  1.5866666666668
26.796899620077  1.5933333333335
26.558943740427  1.6000000000004
26.319496295271  1.606666666667
26.078511811391  1.6133333333337
25.835942896816  1.6200000000003
25.591740120871  1.626666666667
25.345851884536  1.6333333333337
25.098224280136  1.6400000000003
24.848800939273  1.646666666667
24.597522867759  1.6533333333336
24.34432826618  1.6600000000003
24.08915233452  1.666666666667
23.831927059084  1.6733333333336
23.572580979714  1.6800000000003
23.311038935026  1.686666666667
23.047221783082  1.6933333333336
22.78104609452  1.7000000000003
22.512423814779  1.7066666666669
22.241261891489  1.7133333333336
21.967461862576  1.7200000000003
21.690919399854  1.7266666666669
21.411523802126  1.7333333333336
21.129157430762  1.7400000000002
20.843695079584  1.7466666666669
20.55500326948  1.7533333333336
20.262939456437  1.7600000000002
19.967351139676  1.7666666666669
19.668074854012  1.7733333333335
19.364935027575  1.7800000000002
19.0577426822  1.7866666666669
18.746293949212  1.7933333333335
18.430368367489  1.8000000000002
18.10972692351  1.8066666666668
17.784109783891  1.8133333333335
17.453233659367  1.8200000000002
17.116788724269  1.8266666666668
16.774434996357  1.8333333333335
16.425798056823  1.8400000000004
16.070463957331  1.846666666667
15.70797311707  1.8533333333337
15.337812953837  1.8600000000004
14.959408912711  1.866666666667
14.572113444909  1.8733333333337
14.175192333829  1.8800000000003
13.767807543815  1.886666666667
13.348995446137  1.8933333333337
12.917638802192  1.9000000000003
12.472430167137  1.906666666667
12.011823267425  1.9133333333336
11.533967139689  1.9200000000003
11.036614917844  1.926666666667
10.5169942163  1.9333333333336
9.9716172857691  1.9400000000003
9.3959927498647  1.9466666666669
8.78416831784  1.9533333333336
8.1279648538519  1.9600000000003
7.4156012151796  1.9666666666669
6.6289865832966  1.9733333333336
5.7376513484936  1.9800000000002
4.6821519934308  1.9866666666669
3.3089338816582  1.9933333333336
0  2.0000000000002


