#d+d&rarr;<sup>3</sup>He+n, <em>E<sub>k</sub></em>(d)=2 MeV
#<em>&theta;</em><sub>4</sub>, <em>KE</em><sub>4</sub>
0  5.2400623767443
5.1695236556391  5.2281201340159
7.3169098818718  5.2161778912874
8.9688449542829  5.2042356485591
10.365018237549  5.1922934058307
11.598191467748  5.1803511631023
12.715900200565  5.1684089203738
13.746360907628  5.1564666776455
14.707944441744  5.1445244349171
15.613402003373  5.1325821921887
16.472011154036  5.1206399494603
17.290770951529  5.108697706732
18.075115404153  5.0967554640035
18.829363164068  5.0848132212751
19.557013651941  5.0728709785467
20.260949214141  5.0609287358184
20.943577367121  5.04898649309
21.606933494787  5.0370442503615
22.252756657127  5.0251020076331
22.882546642314  5.0131597649048
23.497607638826  5.0012175221764
24.099082172709  4.989275279448
24.687977836807  4.9773330367195
25.265188598541  4.9653907939912
25.831511972044  4.9534485512628
26.387662994958  4.9415063085344
26.934285707581  4.9295640658059
27.471962658886  4.9176218230776
28.001222838586  4.9056795803492
28.522548342332  4.8937373376208
29.036380008808  4.8817950948924
29.543122216037  4.8698528521641
30.04314698521  4.8579106094356
30.536797510374  4.8459683667072
31.024391209162  4.8340261239788
31.506222371636  4.8220838812505
31.982564470086  4.8101416385221
32.453672181334  4.7981993957936
32.919783164086  4.7862571530652
33.381119626627  4.7743149103369
33.837889714306  4.7623726676085
34.290288741484  4.7504304248801
34.738500288739  4.7384881821516
35.182697182898  4.7265459394233
35.62304237484  4.7146036966949
36.059689727796  4.7026614539665
36.492784727064  4.690719211238
36.922465120495  4.6787769685097
37.348861497829  4.6668347257813
37.772097815879  4.6548924830529
38.192291875615  4.6429502403245
38.609555756432  4.6310079975962
39.02399621221  4.6190657548677
39.435715033189  4.6071235121393
39.844809377218  4.5951812694109
40.251372073478  4.5832390266826
40.655491901424  4.5712967839542
41.057253847395  4.5593545412257
41.456739341024  4.5474122984973
41.854026473375  4.5354700557689
42.249190198503  4.5235278130406
42.642302519955  4.5115855703121
43.033432663575  4.4996433275837
43.422647237822  4.4877010848553
43.810010382692  4.475758842127
44.195583908228  4.4638165993986
44.579427423495  4.4518743566701
44.961598456812  4.4399321139417
45.342152567975  4.4279898712134
45.721143453097  4.416047628485
46.098623042674  4.4041053857566
46.474641593401  4.3921631430281
46.849247774227  4.3802209002998
47.222488747082  4.3682786575714
47.594410242696  4.356336414843
47.965056631857  4.3443941721146
48.334470992458  4.3324519293863
48.70269517263  4.3205096866578
49.069769850253  4.3085674439294
49.435734589088  4.296625201201
49.800627891779  4.2846829584727
50.164487249933  4.2727407157442
50.527349191492  4.2607984730158
50.889249325558  4.2488562302874
51.250222384864  4.2369139875591
51.610302266035  4.2249717448307
51.969522067786  4.2130295021022
52.327914127191  4.2010872593738
52.685510054149  4.1891450166455
53.042340764162  4.1772027739171
53.398436509522  4.1652605311887
53.753826909024  4.1533182884602
54.10854097628  4.1413760457319
54.462607146724  4.1294338030035
54.8160533034  4.1174915602751
55.168906801581  4.1055493175467
55.52119449232  4.0936070748184
55.872942744968  4.0816648320899
56.224177468742  4.0697225893615
56.57492413338  4.0577803466331
56.925207788957  4.0458381039048
57.275053084892  4.0338958611763
57.624484288199  4.0219536184479
57.973525301032  4.0100113757195
58.322199677559  3.9980691329912
58.670530640194  3.9861268902628
59.018541095247  3.9741846475343
59.366253647997  3.9622424048059
59.713690617248  3.9503001620776
60.06087404937  3.9383579193492
60.407825731879  3.9264156766208
60.754567206567  3.9144734338923
61.101119782211  3.902531191164
61.447504546886  3.8905889484356
61.79374237991  3.8786467057072
62.139853963428  3.8667044629788
62.485859793669  3.8547622202504
62.831780191893  3.842819977522
63.177635315044  3.8308777347936
63.523445166119  3.8189354920652
63.869229604291  3.8069932493369
64.215008354776  3.7950510066084
64.56080101848  3.78310876388
64.906627081432  3.7711665211516
65.252505924011  3.7592242784233
65.598456829994  3.7472820356949
65.944498995429  3.7353397929664
66.290651537345  3.723397550238
66.636933502316  3.7114553075097
66.983363874884  3.6995130647813
67.329961585862  3.6875708220529
67.676745520511  3.6756285793244
68.023734526624  3.6636863365961
68.370947422509  3.6517440938677
68.718403004882  3.6398018511393
69.066120056697  3.6278596084109
69.414117354895  3.6159173656825
69.76241367811  3.6039751229541
70.111027814317  3.5920328802257
70.459978568443  3.5800906374973
70.809284769952  3.568148394769
71.158965280402  3.5562061520405
71.509039000992  3.5442639093121
71.859524880105  3.5323216665837
72.210441920847  3.5203794238554
72.561809188606  3.508437181127
72.91364581863  3.4964949383985
73.265971023623  3.4845526956701
73.61880410139  3.4726104529418
73.97216444252  3.4606682102134
74.326071538119  3.448725967485
74.680544987612  3.4367837247565
75.035604506608  3.4248414820281
75.391269934847  3.4128992392998
75.747561244229  3.4009569965714
76.104498546948  3.389014753843
76.462102103718  3.3770725111145
76.820392332124  3.3651302683862
77.179389815093  3.3531880256578
77.539115309489  3.3412457829294
77.899589754869  3.329303540201
78.260834282369  3.3173612974726
78.622870223776  3.3054190547442
78.985719120751  3.2934768120158
79.349402734257  3.2815345692874
79.713943054168  3.2695923265591
80.079362309093  3.2576500838306
80.44568297642  3.2457078411022
80.812927792583  3.2337655983738
81.181119763593  3.2218233556455
81.550282175806  3.2098811129171
81.920438606979  3.1979388701886
82.29161293761  3.1859966274602
82.66382936258  3.1740543847319
83.037112403111  3.1621121420035
83.411486919067  3.1501698992751
83.786978121602  3.1382276565466
84.163611586178  3.1262854138183
84.541413265983  3.1143431710899
84.920409505745  3.1024009283615
85.300627055992  3.0904586856331
85.682093087752  3.0785164429047
86.064835207737  3.0665742001763
86.44888147403  3.0546319574479
86.834260412288  3.0426897147195
87.221001032507  3.0307474719912
87.609132846366  3.0188052292627
87.998685885177  3.0068629865343
88.389690718489  2.9949207438059
88.782178473354  2.9829785010776
89.176180854312  2.9710362583492
89.571730164126  2.9590940156207
89.968859325294  2.9471517728923
90.367601902403  2.935209530164
90.767992125342  2.9232672874356
91.170064913443  2.9113250447072
91.573855900588  2.8993828019787
91.979401461337  2.8874405592504
92.386738738129  2.875498316522
92.795905669623  2.8635560737936
93.206941020233  2.8516138310652
93.619884410932  2.8396715883368
94.034776351389  2.8277293456084
94.45165827352  2.81578710288
94.870572566526  2.8038448601516
95.291562613519  2.7919026174233
95.714672829809  2.7799603746948
96.13994870297  2.7680181319664
96.567436834767  2.756075889238
96.997184985082  2.7441336465097
97.42924211794  2.7321914037813
97.863658449774  2.7202491610528
98.300485500057  2.7083069183244
98.739776144467  2.6963646755961
99.181584670727  2.6844224328677
99.6259668373  2.6724801901393
100.07297993512  2.6605379474108
100.52268285257  2.6485957046825
100.97513614388  2.6366534619541
101.43040210127  2.6247112192257
101.88854483093  2.6127689764973
102.34963033331  2.6008267337689
102.81372658779  2.5888844910405
103.28090364228  2.5769422483121
103.75123370782  2.5650000055837
104.22479125889  2.5530577628554
104.70165313946  2.5411155201269
105.18189867555  2.5291732773985
105.66560979452  2.5172310346701
106.15287115185  2.5052887919418
106.64377026573  2.4933465492134
107.13839766026  2.4814043064849
107.63684701793  2.4694620637565
108.13921534198  2.4575198210282
108.64560312968  2.4455775782998
109.15611455718  2.4336353355714
109.67085767711  2.4216930928429
110.18994462999  2.4097508501146
110.71349187049  2.3978086073862
111.24162041011  2.3858663646578
111.77445607752  2.3739241219293
112.31212979835  2.361981879201
112.85477789615  2.3500396364726
113.4025424165  2.3380973937442
113.95557147665  2.3261551510158
114.51401964296  2.3142129082873
115.07804833918  2.302270665559
115.64782628843  2.2903284228306
116.22352999268  2.2783861801022
116.8053442534  2.2664439373738
117.39346273802  2.2545016946455
117.98808859719  2.242559451917
118.58943513846  2.2306172091886
119.19772656299  2.2186749664602
119.81319877256  2.2067327237319
120.4361002553  2.1947904810035
121.06669305987  2.182848238275
121.70525386908  2.1709059955466
122.35207518564  2.1589637528183
123.00746664493  2.1470215100899
123.67175647169  2.1350792673614
124.34529310058  2.123137024633
125.02844698371  2.1111947819047
125.72161261241  2.0992525391763
126.42521078502  2.0873102964479
127.13969115869  2.0753680537194
127.8655351297  2.0634258109911
128.60325909594  2.0514835682627
129.35341816554  2.0395413255343
130.11661038854  2.0275990828059
130.89348160526  2.0156568400776
131.68473102487  2.0037145973491
132.49111767371  1.9917723546207
133.31346788553  1.9798301118923
134.15268404729  1.967887869164
135.00975486863  1.9559456264356
135.88576751298  1.9440033837071
136.78192202115  1.9320611409787
137.69954858105  1.9201188982504
138.64012836312  1.908176655522
139.60531886596  1.8962344127935
140.59698502849  1.8842921700651
141.61723780031  1.8723499273368
142.66848248262  1.8604076846084
143.75348005092  1.84846544188
144.87542599865  1.8365231991515
146.03805324651  1.8245809564232
147.24576876572  1.8126387136948
148.50383850102  1.8006964709664
149.81864328492  1.788754228238
151.19804223223  1.7768119855097
152.65190459821  1.7648697427812
154.19291677429  1.7529275000528
155.8378615396  1.7409852573244
157.60975918922  1.7290430145961
159.54170897267  1.7171007718676
161.68444735605  1.7051585291392
164.12327717603  1.6932162864108
167.02432341571  1.6812740436825
170.8159461324  1.6693318009541
180  1.6573895582256


