#d+d&rarr;<sup>3</sup>He+n, <em>E<sub>k</sub></em>(d)=2 MeV
#<em>&theta;</em><sub>3</sub>, <em>KE</em><sub>3</sub>
180  0.028848383256445
143.78359004261  0.040790625984755
132.80600103476  0.052732868713065
125.90472129913  0.064675111441375
120.92140585422  0.076617354170139
117.04977261355  0.088559596898449
113.89844302978  0.10050183962676
111.24854806503  0.11244408235507
108.96590342115  0.12438632508338
106.96267114025  0.13632856781169
105.17843525135  0.14827081054045
103.56999433035  0.16021305326876
102.10547052745  0.17215529599707
100.76072253216  0.18409753872538
99.517063888841  0.19603978145369
98.359757869844  0.20798202418246
97.276993540272  0.21992426691077
96.25917049286  0.23186650963908
95.298387575875  0.24380875236739
94.388069981207  0.2557509950957
93.522692344132  0.26769323782446
92.697569831078  0.27963548055277
91.908698250289  0.29157772328108
91.152630090325  0.30351996600939
90.426377279535  0.3154622087377
89.727334086513  0.32740445146601
89.053215388315  0.33934669419477
88.402006796393  0.35128893692308
87.77192402666  0.36323117965139
87.161379544985  0.3751734223797
86.56895498942  0.38711566510801
85.993378216824  0.39905790783678
85.433504079787  0.41100015056509
84.888298234124  0.4229423932934
84.356823424897  0.43488463602171
83.838227812249  0.44682687875002
83.331734985825  0.45876912147878
82.836635384837  0.47071136420709
82.352278894332  0.4826536069354
81.87806843056  0.49459584966371
81.413454361986  0.50653809239202
80.957929639432  0.51848033512033
80.511025530532  0.53042257784909
80.072307871212  0.5423648205774
79.641373761234  0.55430706330571
79.21784864249  0.56624930603402
78.80138370836  0.57819154876233
78.391653600371  0.5901337914911
77.988354354955  0.60207603421941
77.591201568598  0.61401827694772
77.199928754222  0.62596051967603
76.814285865504  0.63790276240434
76.434037969062  0.6498450051331
76.05896404715  0.66178724786141
75.688855915859  0.67372949058972
75.323517245754  0.68567173331803
74.962762673591  0.69761397604634
74.606416995167  0.70955621877465
74.254314430619  0.72149846150342
73.906297954534  0.73344070423173
73.562218684164  0.74538294696004
73.221935319808  0.75732518968834
72.885313632154  0.76926743241665
72.552225991936  0.78120967514542
72.222550937793  0.79315191787373
71.896172778692  0.80509416060204
71.572981227649  0.81703640333035
71.25287106385  0.82897864605866
70.935741820578  0.84092088878742
70.621497496621  0.85286313151573
70.310046289078  0.86480537424404
70.001300345692  0.87674761697235
69.695175535019  0.88868985970066
69.391591232929  0.90063210242943
69.090470124055  0.91257434515774
68.791738016959  0.92451658788605
68.495323671891  0.93645883061436
68.201158640133  0.94840107334267
67.909177113992  0.96034331607098
67.619315786625  0.97228555879974
67.331513720907  0.98422780152805
67.045712226679  0.99617004425636
66.761854745714  1.0081122869847
66.479886743844  1.020054529713
66.199755609706  1.0319967724417
65.92141055963  1.0439390151701
65.644802548226  1.0558812578984
65.369884184261  1.0678235006267
65.096609651452  1.079765743355
64.824934633832  1.0917079860837
64.554816245382  1.1036502288121
64.286212963624  1.1155924715404
64.019084566918  1.1275347142687
63.753392075212  1.139476956997
63.489097694018  1.1514191997253
63.226164761401  1.1633614424541
62.964557697785  1.1753036851824
62.704241958406  1.1872459279107
62.445183988226  1.199188170639
62.187351179167  1.2111304133673
61.93071182952  1.2230726560961
61.675235105389  1.2350148988244
61.420891004045  1.2469571415527
61.167650319084  1.258899384281
60.91548460727  1.2708416270093
60.664366156972  1.2827838697381
60.414267958092  1.2947261124664
60.165163673406  1.3066683551947
59.917027611224  1.318610597923
59.669834699313  1.3305528406513
59.423560459987  1.3424950833796
59.178180986314  1.3544373261084
58.933672919379  1.3663795688367
58.690013426525  1.378321811565
58.447180180544  1.3902640542933
58.205151339744  1.4022062970216
57.963905528858  1.4141485397504
57.723421820741  1.4260907824787
57.483679718816  1.438033025207
57.244659140228  1.4499752679353
57.006340399673  1.4619175106636
56.76870419385  1.4738597533924
56.531731586531  1.4858019961207
56.295403994185  1.497744238849
56.05970317215  1.5096864815773
55.824611201314  1.5216287243056
55.590110475281  1.5335709670339
55.356183687996  1.5455132097627
55.122813821803  1.557455452491
54.889984135921  1.5693976952193
54.657678155309  1.5813399379476
54.425879659897  1.5932821806759
54.194572674174  1.6052244234047
53.963741457112  1.617166666133
53.733370492393  1.6291089088613
53.503444478953  1.6410511515896
53.27394832179  1.6529933943179
53.044867123057  1.6649356370467
52.816186173397  1.676877879775
52.587890943523  1.6888201225033
52.359967076024  1.7007623652316
52.132400377383  1.7127046079599
51.905176810201  1.7246468506883
51.678282485608  1.736589093417
51.451703655852  1.7485313361453
51.225426707061  1.7604735788736
50.999438152162  1.772415821602
50.773724623943  1.7843580643303
50.548272868259  1.796300307059
50.32306973737  1.8082425497873
50.098102183389  1.8201847925156
49.873357251851  1.832127035244
49.648822075382  1.8440692779723
49.424483867461  1.856011520701
49.20032991627  1.8679537634293
48.976347578626  1.8798960061577
48.752524273976  1.891838248886
48.528847478467  1.9037804916143
48.305304719058  1.915722734343
48.081883567694  1.9276649770713
47.858571635513  1.9396072197997
47.63535656709  1.951549462528
47.41222603471  1.9634917052563
47.189167732653  1.9754339479846
46.966169371506  1.9873761907133
46.743218672465  1.9993184334417
46.520303361648  2.01126067617
46.297411164392  2.0232029188983
46.074529799541  2.0351451616266
45.851646973706  2.0470874043554
45.628750375493  2.0590296470837
45.405827669706  2.070971889812
45.182866491488  2.0829141325403
44.959854440423  2.0948563752686
44.736779074572  2.1067986179974
44.513627904437  2.1187408607257
44.290388386862  2.130683103454
44.067047918829  2.1426253461823
43.84359383118  2.1545675889106
43.620013382224  2.1665098316389
43.396293751235  2.1784520743677
43.172422031835  2.190394317096
42.948385225236  2.2023365598243
42.724170233349  2.2142788025526
42.499763851735  2.2262210452809
42.2751527624  2.2381632880097
42.050323526405  2.250105530738
41.825262576303  2.2620477734663
41.599956208362  2.2739900161946
41.374390574583  2.2859322589229
41.148551674497  2.2978745016517
40.922425346706  2.30981674438
40.695997260179  2.3217589871083
40.469252905274  2.3337012298366
40.242177584465  2.3456434725649
40.014756402764  2.3575857152932
39.786974257816  2.369527958022
39.55881582965  2.3814702007503
39.330265570054  2.3934124434786
39.101307691566  2.4053546862069
38.871926156048  2.4172969289352
38.642104662819  2.429239171664
38.411826636322  2.4411814143923
38.181075213292  2.4531236571206
37.949833229402  2.4650658998489
37.718083205347  2.4770081425772
37.485807332336  2.488950385306
37.252987456949  2.5008926280343
37.01960506533  2.5128348707626
36.785641266661  2.5247771134909
36.551076775886  2.5367193562192
36.315891895614  2.5486615989475
36.080066497183  2.5606038416763
35.843580000791  2.5725460844046
35.606411354667  2.5844883271329
35.36853901319  2.5964305698612
35.129940913916  2.6083728125896
34.890594453405  2.6203150553183
34.650476461796  2.6322572980466
34.40956317603  2.6441995407749
34.167830211627  2.6561417835032
33.925252532915  2.6680840262316
33.681804421611  2.6800262689603
33.437459443626  2.6919685116886
33.192190413957  2.7039107544169
32.945969359553  2.7158529971452
32.698767479972  2.7277952398736
32.450555105683  2.7397374826019
32.201301653827  2.7516797253306
31.95097558124  2.7636219680589
31.699544334523  2.7755642107873
31.446974296924  2.7875064535156
31.193230731778  2.7994486962439
30.938277722222  2.8113909389726
30.682078106871  2.8233331817009
30.424593411125  2.8352754244293
30.165783773727  2.8472176671576
29.905607868158  2.8591599098859
29.644022818421  2.8711021526146
29.380984108708  2.8830443953429
29.116445486392  2.8949866380713
28.850358857731  2.9069288807996
28.582674175598  2.9188711235279
28.313339318471  2.9308133662566
28.042299959834  2.942755608985
27.769499427047  2.9546978517133
27.494878548614  2.9666400944416
27.218375488658  2.9785823371699
26.93992556728  2.9905245798982
26.659461065269  3.002466822627
26.376911011497  3.0144090653553
26.092200951051  3.0263513080836
25.805252691933  3.0382935508119
25.515984027858  3.0502357935402
25.224308434325  3.062178036269
24.930134734741  3.0741202789973
24.633366732905  3.0860625217256
24.33390280762  3.0980047644539
24.031635464549  3.1099470071822
23.726450839656  3.121889249911
23.418228147699  3.1338314926393
23.106839068154  3.1457737353676
22.79214705965  3.1577159780959
22.474006592505  3.1696582208242
22.15226228706  3.1816004635525
21.826747943285  3.1935427062813
21.497285444436  3.2054849490096
21.16368351416  3.2174271917379
20.825736302406  3.2293694344662
20.483221770425  3.2413116771945
20.135899838823  3.2532539199233
19.7835102548  3.2651961626516
19.425770124703  3.2771384053799
19.062371045443  3.2890806481082
18.69297575209  3.3010228908365
18.317214178083  3.3129651335653
17.934678797222  3.3249073762936
17.544919080706  3.3368496190219
17.147434854761  3.3487918617502
16.741668280118  3.3607341044785
16.326994087083  3.3726763472068
15.902707579064  3.3846185899356
15.468009748011  3.3965608326639
15.021988604091  3.4085030753922
14.563595472313  3.4204453181205
14.09161449216  3.4323875608488
13.604622775679  3.4443298035776
13.10093747109  3.4562720463059
12.578544055674  3.4682142890342
12.034997023011  3.4801565317625
11.467278750821  3.4920987744908
10.871592783097  3.5040410172196
10.243049933668  3.5159832599479
9.5751703172306  3.5279255026762
8.8590492473728  3.5398677454045
8.081859621724  3.5518099881328
7.2239030299878  3.5637522308612
6.2519996840801  3.5756944735899
5.101413389796  3.5876367163182
3.6049023635528  3.5995789590465
0  3.6115212017748


