#d+d&rarr;<sup>3</sup>He+n, <em>E<sub>k</sub></em>(d)=2 MeV
#<em>&theta;</em><sub>3</sub>, <em>&theta;</em><sub>4</sub>
180  0
143.78359004261  5.1695236556391
132.80600103476  7.3169098818718
125.90472129913  8.9688449542829
120.92140585422  10.365018237549
117.04977261355  11.598191467748
113.89844302978  12.715900200565
111.24854806503  13.746360907628
108.96590342115  14.707944441744
106.96267114025  15.613402003373
105.17843525135  16.472011154036
103.56999433035  17.290770951529
102.10547052745  18.075115404153
100.76072253216  18.829363164068
99.517063888841  19.557013651941
98.359757869844  20.260949214141
97.276993540272  20.943577367121
96.25917049286  21.606933494787
95.298387575875  22.252756657127
94.388069981207  22.882546642314
93.522692344132  23.497607638826
92.697569831078  24.099082172709
91.908698250289  24.687977836807
91.152630090325  25.265188598541
90.426377279535  25.831511972044
89.727334086513  26.387662994958
89.053215388315  26.934285707581
88.402006796393  27.471962658886
87.77192402666  28.001222838586
87.161379544985  28.522548342332
86.56895498942  29.036380008808
85.993378216824  29.543122216037
85.433504079787  30.04314698521
84.888298234124  30.536797510374
84.356823424897  31.024391209162
83.838227812249  31.506222371636
83.331734985825  31.982564470086
82.836635384837  32.453672181334
82.352278894332  32.919783164086
81.87806843056  33.381119626627
81.413454361986  33.837889714306
80.957929639432  34.290288741484
80.511025530532  34.738500288739
80.072307871212  35.182697182898
79.641373761234  35.62304237484
79.21784864249  36.059689727796
78.80138370836  36.492784727064
78.391653600371  36.922465120495
77.988354354955  37.348861497829
77.591201568598  37.772097815879
77.199928754222  38.192291875615
76.814285865504  38.609555756432
76.434037969062  39.02399621221
76.05896404715  39.435715033189
75.688855915859  39.844809377218
75.323517245754  40.251372073478
74.962762673591  40.655491901424
74.606416995167  41.057253847395
74.254314430619  41.456739341024
73.906297954534  41.854026473375
73.562218684164  42.249190198503
73.221935319808  42.642302519955
72.885313632154  43.033432663575
72.552225991936  43.422647237822
72.222550937793  43.810010382692
71.896172778692  44.195583908228
71.572981227649  44.579427423495
71.25287106385  44.961598456812
70.935741820578  45.342152567975
70.621497496621  45.721143453097
70.310046289078  46.098623042674
70.001300345692  46.474641593401
69.695175535019  46.849247774227
69.391591232929  47.222488747082
69.090470124055  47.594410242696
68.791738016959  47.965056631857
68.495323671891  48.334470992458
68.201158640133  48.70269517263
67.909177113992  49.069769850253
67.619315786625  49.435734589088
67.331513720907  49.800627891779
67.045712226679  50.164487249933
66.761854745714  50.527349191492
66.479886743844  50.889249325558
66.199755609706  51.250222384864
65.92141055963  51.610302266035
65.644802548226  51.969522067786
65.369884184261  52.327914127191
65.096609651452  52.685510054149
64.824934633832  53.042340764162
64.554816245382  53.398436509522
64.286212963624  53.753826909024
64.019084566918  54.10854097628
63.753392075212  54.462607146724
63.489097694018  54.8160533034
63.226164761401  55.168906801581
62.964557697785  55.52119449232
62.704241958406  55.872942744968
62.445183988226  56.224177468742
62.187351179167  56.57492413338
61.93071182952  56.925207788957
61.675235105389  57.275053084892
61.420891004045  57.624484288199
61.167650319084  57.973525301032
60.91548460727  58.322199677559
60.664366156972  58.670530640194
60.414267958092  59.018541095247
60.165163673406  59.366253647997
59.917027611224  59.713690617248
59.669834699313  60.06087404937
59.423560459987  60.407825731879
59.178180986314  60.754567206567
58.933672919379  61.101119782211
58.690013426525  61.447504546886
58.447180180544  61.79374237991
58.205151339744  62.139853963428
57.963905528858  62.485859793669
57.723421820741  62.831780191893
57.483679718816  63.177635315044
57.244659140228  63.523445166119
57.006340399673  63.869229604291
56.76870419385  64.215008354776
56.531731586531  64.56080101848
56.295403994185  64.906627081432
56.05970317215  65.252505924011
55.824611201314  65.598456829994
55.590110475281  65.944498995429
55.356183687996  66.290651537345
55.122813821803  66.636933502316
54.889984135921  66.983363874884
54.657678155309  67.329961585862
54.425879659897  67.676745520511
54.194572674174  68.023734526624
53.963741457112  68.370947422509
53.733370492393  68.718403004882
53.503444478953  69.066120056697
53.27394832179  69.414117354895
53.044867123057  69.76241367811
52.816186173397  70.111027814317
52.587890943523  70.459978568443
52.359967076024  70.809284769952
52.132400377383  71.158965280402
51.905176810201  71.509039000992
51.678282485608  71.859524880105
51.451703655852  72.210441920847
51.225426707061  72.561809188606
50.999438152162  72.91364581863
50.773724623943  73.265971023623
50.548272868259  73.61880410139
50.32306973737  73.97216444252
50.098102183389  74.326071538119
49.873357251851  74.680544987612
49.648822075382  75.035604506608
49.424483867461  75.391269934847
49.20032991627  75.747561244229
48.976347578626  76.104498546948
48.752524273976  76.462102103718
48.528847478467  76.820392332124
48.305304719058  77.179389815093
48.081883567694  77.539115309489
47.858571635513  77.899589754869
47.63535656709  78.260834282369
47.41222603471  78.622870223776
47.189167732653  78.985719120751
46.966169371506  79.349402734257
46.743218672465  79.713943054168
46.520303361648  80.079362309093
46.297411164392  80.44568297642
46.074529799541  80.812927792583
45.851646973706  81.181119763593
45.628750375493  81.550282175806
45.405827669706  81.920438606979
45.182866491488  82.29161293761
44.959854440423  82.66382936258
44.736779074572  83.037112403111
44.513627904437  83.411486919067
44.290388386862  83.786978121602
44.067047918829  84.163611586178
43.84359383118  84.541413265983
43.620013382224  84.920409505745
43.396293751235  85.300627055992
43.172422031835  85.682093087752
42.948385225236  86.064835207737
42.724170233349  86.44888147403
42.499763851735  86.834260412288
42.2751527624  87.221001032507
42.050323526405  87.609132846366
41.825262576303  87.998685885177
41.599956208362  88.389690718489
41.374390574583  88.782178473354
41.148551674497  89.176180854312
40.922425346706  89.571730164126
40.695997260179  89.968859325294
40.469252905274  90.367601902403
40.242177584465  90.767992125342
40.014756402764  91.170064913443
39.786974257816  91.573855900588
39.55881582965  91.979401461337
39.330265570054  92.386738738129
39.101307691566  92.795905669623
38.871926156048  93.206941020233
38.642104662819  93.619884410932
38.411826636322  94.034776351389
38.181075213292  94.45165827352
37.949833229402  94.870572566526
37.718083205347  95.291562613519
37.485807332336  95.714672829809
37.252987456949  96.13994870297
37.01960506533  96.567436834767
36.785641266661  96.997184985082
36.551076775886  97.42924211794
36.315891895614  97.863658449774
36.080066497183  98.300485500057
35.843580000791  98.739776144467
35.606411354667  99.181584670727
35.36853901319  99.6259668373
35.129940913916  100.07297993512
34.890594453405  100.52268285257
34.650476461796  100.97513614388
34.40956317603  101.43040210127
34.167830211627  101.88854483093
33.925252532915  102.34963033331
33.681804421611  102.81372658779
33.437459443626  103.28090364228
33.192190413957  103.75123370782
32.945969359553  104.22479125889
32.698767479972  104.70165313946
32.450555105683  105.18189867555
32.201301653827  105.66560979452
31.95097558124  106.15287115185
31.699544334523  106.64377026573
31.446974296924  107.13839766026
31.193230731778  107.63684701793
30.938277722222  108.13921534198
30.682078106871  108.64560312968
30.424593411125  109.15611455718
30.165783773727  109.67085767711
29.905607868158  110.18994462999
29.644022818421  110.71349187049
29.380984108708  111.24162041011
29.116445486392  111.77445607752
28.850358857731  112.31212979835
28.582674175598  112.85477789615
28.313339318471  113.4025424165
28.042299959834  113.95557147665
27.769499427047  114.51401964296
27.494878548614  115.07804833918
27.218375488658  115.64782628843
26.93992556728  116.22352999268
26.659461065269  116.8053442534
26.376911011497  117.39346273802
26.092200951051  117.98808859719
25.805252691933  118.58943513846
25.515984027858  119.19772656299
25.224308434325  119.81319877256
24.930134734741  120.4361002553
24.633366732905  121.06669305987
24.33390280762  121.70525386908
24.031635464549  122.35207518564
23.726450839656  123.00746664493
23.418228147699  123.67175647169
23.106839068154  124.34529310058
22.79214705965  125.02844698371
22.474006592505  125.72161261241
22.15226228706  126.42521078502
21.826747943285  127.13969115869
21.497285444436  127.8655351297
21.16368351416  128.60325909594
20.825736302406  129.35341816554
20.483221770425  130.11661038854
20.135899838823  130.89348160526
19.7835102548  131.68473102487
19.425770124703  132.49111767371
19.062371045443  133.31346788553
18.69297575209  134.15268404729
18.317214178083  135.00975486863
17.934678797222  135.88576751298
17.544919080706  136.78192202115
17.147434854761  137.69954858105
16.741668280118  138.64012836312
16.326994087083  139.60531886596
15.902707579064  140.59698502849
15.468009748011  141.61723780031
15.021988604091  142.66848248262
14.563595472313  143.75348005092
14.09161449216  144.87542599865
13.604622775679  146.03805324651
13.10093747109  147.24576876572
12.578544055674  148.50383850102
12.034997023011  149.81864328492
11.467278750821  151.19804223223
10.871592783097  152.65190459821
10.243049933668  154.19291677429
9.5751703172306  155.8378615396
8.8590492473728  157.60975918922
8.081859621724  159.54170897267
7.2239030299878  161.68444735605
6.2519996840801  164.12327717603
5.101413389796  167.02432341571
3.6049023635528  170.8159461324
0  180


