#d+d&rarr;t+p, <em>E<sub>k</sub></em>(d)=2 MeV
#<em>&theta;</em><sub>3</sub>, <em>&theta;</em><sub>4</sub>
180  0
152.66254158626  5.2609661016753
143.04301994424  7.4463021482997
136.4934035379  9.1274069722651
131.50433655761  10.548213175064
127.47877516345  11.803125046237
124.11005462606  12.940520034883
121.21781845236  13.989114437135
118.68655177208  14.967604574481
116.4377305959  15.888967582898
114.41555538332  16.762645426557
112.57898060136  17.595761198026
110.89696211939  18.393845208593
109.34547521057  19.16129264702
107.90556498379  19.90166494997
106.5620277389  20.617895540728
105.30249316099  21.312434593902
104.1167696652  21.987353552587
102.99636742194  22.64442228045
101.93414431249  23.28516712498
100.92403877327  23.910915363688
99.96086522666  24.522829742964
99.040155360664  25.121935681157
98.158033508777  25.709142954127
97.311117741804  26.285263171862
96.496440589547  26.85102400311
95.711384920225  27.407080858093
94.953631646931  27.954026563114
94.22111675124  28.492399433301
93.511995712054  29.022690056032
92.824613868614  29.545347028011
92.157481575336  30.060781836666
91.509253253615  30.56937303677
90.878709634058  31.07146984275
90.264742626998  31.567395233537
89.66634237091  32.057448648405
89.082586095489  32.541908337748
88.512628504595  33.02103342126
87.955693438405  33.495065696824
87.41106661723  33.964231236014
86.878089303977  34.428741796195
86.356152750059  34.888796074327
85.844693312119  35.34458082363
85.343188145256  35.796271850996
84.85115139353  36.244034910364
84.36813081083  36.688026504995
83.893704755452  37.12839460977
83.427479510172  37.565279323027
82.969086886699  37.99881345617
82.518182079269  38.429123068153
82.074441737124  38.856327951019
81.6375622298  39.280542071852
81.207258082671  39.701873975853
80.783260563225  40.120427154618
80.365316401056  40.536300383245
79.953186626798  40.949588029423
79.546645517044  41.360380337308
79.145479633917  41.768763688663
78.749486949356  42.174820843437
78.358476045341  42.578631161752
77.972265382356  42.980270809011
77.590682629234  43.379812945687
77.213564048363  43.777327903164
76.840753930872  44.172883346871
76.472104077028  44.566544427821
76.107473317588  44.958373923544
75.746727072327  45.348432369321
75.389736942321  45.736778180522
75.036380332981  46.12346776678
74.686540105079  46.508555638661
74.340104251343  46.892094507433
73.996965596398  47.27413537848
73.657021518084  47.654727638835
73.320173688338  48.033919139315
72.986327832036  48.411756271637
72.655393502321  48.7882840409
72.327283871082  49.163546133783
72.001915533391  49.537584982756
71.679208324785  49.910441826597
71.359085150409  50.28215676748
71.041471825097  50.652768824869
70.726296923577  51.022315986441
70.41349164003  51.390835256244
70.102989656315  51.758362700273
69.794727018231  52.12493348964
69.488642019228  52.490581941499
69.184675091038  52.855341557863
68.882768700737  53.219245062465
68.582867253792  53.582324435779
68.284917002674  53.944610948315
67.988865960656  54.306135192306
67.694663820454  54.666927111886
67.402261877382  55.027016031837
67.111612956711  55.38643068502
66.822671344984  55.745199238539
66.535392724999  56.103349318747
66.249734114245  56.460908035129
65.965653806571  56.817902003157
65.683111316868  57.174357366165
65.402067328598  57.530299816298
65.122483643976  57.8857546146
64.844323136657  58.240746610279
64.567549706764  58.595300259204
64.292128238123  58.949439641677
64.018024557577  59.303188479521
63.745205396246  59.656570152513
63.473638352629  60.009607714225
63.203291857436  60.36232390727
62.934135140051  60.71474117802
62.666138196535  61.066881690809
62.399271759079  61.418767341647
62.133507266832  61.770419771484
61.868816838011  62.121860379042
61.605173243246  62.47311033324
61.342549880074  62.824190585238
61.080920748525  63.17512188012
60.82026042774  63.525924768233
60.560544053565  63.87661961621
60.301747297079  64.227226617691
60.043846343982  64.577765803754
59.786817874826  64.928257053084
59.530639046025  65.278720101893
59.275287471609  65.629174553599
59.020741205685  65.979639888285
58.766978725572  66.330135471955
58.513978915559  66.680680565593
58.261721051274  67.031294334044
58.010184784622  67.381995854727
57.759350129259  67.73280412619
57.50919744659  68.083738076528
57.259707432243  68.434816571653
57.010861103013  68.786058423463
56.762639784242  69.137482397879
56.515025097616  69.489107222794
56.267998949358  69.840951595924
56.021543518791  70.193034192581
55.775641247266  70.545373673364
55.530274827415  70.897988691804
55.285427192734  71.250897901932
55.041081507461  71.604119965822
54.797221156743  71.957673561081
54.55382973708  72.31157738832
54.310891047012  72.665850178601
54.068389078068  73.02051070087
53.82630800592  73.375577769393
53.58463218178  73.731070251185
53.343346123976  74.087007073467
53.102434509739  74.443407231125
52.861882167154  74.800289794217
52.621674067295  75.157673915502
52.381795316511  75.515578838018
52.142231148853  75.874023902722
51.902966918655  76.233028556179
51.663988093227  76.592612358324
51.425280245679  76.952794990312
51.186829047843  77.313596262443
50.948620263302  77.675036122188
50.710639740512  78.037134662318
50.472873405996  78.399912129154
50.235307257624  78.763388930925
49.99792735795  79.127585646276
49.760719827608  79.492523032906
49.523670838762  79.858222036361
49.286766608589  80.224703798996
49.049993392796  80.591989669101
48.813337479168  80.960101210218
48.576785181129  81.329060210649
48.340322831303  81.698888693179
48.103936775092  82.069608925006
47.867613364233  82.441243427914
47.631338950344  82.813814988688
47.395099878449  83.187346669786
47.158882480464  83.561861820282
46.922673068649  83.937384087106
46.686457929006  84.313937426573
46.450223314621  84.691546116244
46.213955438942  85.070234767114
45.977640468973  85.450028336158
45.741264518393  85.830952139245
45.504813640569  86.213031864447
45.268273821474  86.596293585758
45.031630972484  86.980763777241
44.79487092305  87.366469327631
44.557979413235  87.753437555422
44.3209420861  88.14169622445
44.083744479934  88.531273559999
43.846372020311  88.922198265478
43.608810011956  89.314499539663
43.371043630422  89.708207094569
43.133057913545  90.103351173958
42.894837752682  90.49996257253
42.656367883697  90.898072655829
42.417632877694  91.297713380905
42.178617131472  91.698917317761
41.939304857685  92.101717671643
41.699680074697  92.506148306206
41.459726596091  92.912243767608
41.219428019839  93.320039309579
40.978767717087  93.729570919524
40.737728820541  94.140875345713
40.496294212437  94.553990125617
40.254446512047  94.968953615457
40.012168062719  95.385805021036
39.769440918401  95.804584429917
39.526246829623  96.225332845042
39.282567228912  96.648092219858
39.038383215587  97.072905495044
38.793675539915  97.499816636941
38.548424586565  97.92887067777
38.302610357341  98.360113757769
38.05621245312  98.793593169339
37.809210054968  99.229357403341
37.561581904367  99.667456197671
37.313306282499  100.10794058826
37.06436098852  100.55086296264
36.814723316771  100.99627711625
36.564370032828  101.4442383117
36.313277348351  101.89480334104
36.061420894605  102.34803059147
35.808775694605  102.80398011453
35.555316133751  103.26271369901
35.301015928878  103.72429494802
35.045848095585  104.18878936025
34.789784913735  104.65626441597
34.532797890976  105.12678966787
34.274857724163  105.6004368373
34.015934258492  106.07727991617
33.755996444201  106.55739527495
33.495012290635  107.0408617773
33.232948817478  107.52776090178
32.969772002931  108.01817687111
32.705446728583  108.51219678982
32.43993672072  109.0099107906
32.173204487776  109.51141219046
31.9052112536  110.01679765706
31.635916886199  110.5261673865
31.365279821556  111.03962529321
31.093256982109  111.55727921314
30.819803689407  112.0792411213
30.544873570434  112.60562736511
30.268418457019  113.13655891477
29.990388277689  113.67216163234
29.710730941263  114.21256656121
29.429392211389  114.75791023798
29.146315571147  115.30833502876
28.861442076736  115.86398949253
28.574710199137  116.42502877394
28.286055652527  116.99161502887
27.995411208051  117.56391788596
27.70270649139  118.14211494799
27.407867762373  118.72639233734
27.110817674633  119.31694529054
26.811475013046  119.9139788072
26.509754406401  120.51770835983
26.205566012365  121.12836067142
25.898815171414  121.74617456913
25.589402025891  122.37140192325
25.277221099822  123.00430868221
24.962160834396  123.64517601593
24.644103073281  124.29430158173
24.322922490979  124.95200092935
23.998485956318  125.61860906418
23.670651821852  126.29448219123
23.339269128362  126.97999966596
23.004176711711  127.67556618306
22.665202196993  128.38161423944
22.322160862119  129.09860691505
21.97485434949  129.82704102293
21.623069200205  130.56745069066
21.26657517999  131.32041144761
20.905123359512  132.08654490842
20.538443903559  132.8665241628
20.16624351329  133.66108000662
19.788202452606  134.4710081807
19.403971072964  135.29717782456
19.013165729238  136.14054140421
18.615363950986  137.0021464415
18.210098696269  137.88314946197
17.796851465653  138.78483269746
17.375043987429  139.70862424008
16.944028094279  140.65612256244
16.503073286336  141.62912662075
16.051351299927  142.62967317928
15.587916751224  143.66008359627
15.111682561606  144.72302318176
14.621388335728  145.82157752508
14.115559054011  146.95935213294
13.592450188175  148.14060472655
13.049973354255  149.3704243316
12.485593342233  150.65497915085
11.89618178401  152.00186858245
11.277802816169  153.42063848962
10.625387609003  154.92356311892
9.9322180280398  156.52688474307
9.1890617502684  158.25288873311
8.3826193579999  160.13362690787
7.4924665287758  162.21824427662
6.4841997146106  164.58939148608
5.2906929156876  167.4080739396
3.7385243625845  171.08956929718
0  180


