#d+d&rarr;t+p, <em>E<sub>k</sub></em>(d)=2 MeV
#<em>&theta;</em><sub>4</sub>, <em>KE</em><sub>4</sub>
0  5.9661027455047
5.2609661016753  5.9531409402172
7.4463021482997  5.9401791349296
9.1274069722651  5.9272173296421
10.548213175064  5.9142555243545
11.803125046237  5.901293719067
12.940520034883  5.8883319137794
13.989114437135  5.8753701084919
14.967604574481  5.8624083032045
15.888967582898  5.8494464979169
16.762645426557  5.8364846926294
17.595761198026  5.8235228873418
18.393845208593  5.8105610820543
19.16129264702  5.7975992767667
19.90166494997  5.7846374714792
20.617895540728  5.7716756661916
21.312434593902  5.7587138609041
21.987353552587  5.7457520556165
22.64442228045  5.732790250329
23.28516712498  5.7198284450415
23.910915363688  5.7068666397539
24.522829742964  5.6939048344664
25.121935681157  5.6809430291788
25.709142954127  5.6679812238913
26.285263171862  5.6550194186037
26.85102400311  5.6420576133162
27.407080858093  5.6290958080286
27.954026563114  5.6161340027412
28.492399433301  5.6031721974537
29.022690056032  5.5902103921661
29.545347028011  5.5772485868786
30.060781836666  5.564286781591
30.56937303677  5.5513249763035
31.07146984275  5.5383631710159
31.567395233537  5.5254013657284
32.057448648405  5.5124395604408
32.541908337748  5.4994777551533
33.02103342126  5.4865159498657
33.495065696824  5.4735541445782
33.964231236014  5.4605923392907
34.428741796195  5.4476305340031
34.888796074327  5.4346687287156
35.34458082363  5.421706923428
35.796271850996  5.4087451181405
36.244034910364  5.3957833128529
36.688026504995  5.3828215075654
37.12839460977  5.3698597022779
37.565279323027  5.3568978969904
37.99881345617  5.3439360917029
38.429123068153  5.3309742864153
38.856327951019  5.3180124811278
39.280542071852  5.3050506758402
39.701873975853  5.2920888705527
40.120427154618  5.2791270652651
40.536300383245  5.2661652599776
40.949588029423  5.25320345469
41.360380337308  5.2402416494025
41.768763688663  5.2272798441149
42.174820843437  5.2143180388274
42.578631161752  5.2013562335399
42.980270809011  5.1883944282523
43.379812945687  5.1754326229648
43.777327903164  5.1624708176772
44.172883346871  5.1495090123897
44.566544427821  5.1365472071021
44.958373923544  5.1235854018147
45.348432369321  5.1106235965271
45.736778180522  5.0976617912396
46.12346776678  5.0846999859521
46.508555638661  5.0717381806645
46.892094507433  5.058776375377
47.27413537848  5.0458145700894
47.654727638835  5.0328527648019
48.033919139315  5.0198909595143
48.411756271637  5.0069291542268
48.7882840409  4.9939673489392
49.163546133783  4.9810055436517
49.537584982756  4.9680437383641
49.910441826597  4.9550819330766
50.28215676748  4.9421201277891
50.652768824869  4.9291583225015
51.022315986441  4.916196517214
51.390835256244  4.9032347119264
51.758362700273  4.8902729066389
52.12493348964  4.8773111013514
52.490581941499  4.8643492960639
52.855341557863  4.8513874907763
53.219245062465  4.8384256854888
53.582324435779  4.8254638802013
53.944610948315  4.8125020749137
54.306135192306  4.7995402696262
54.666927111886  4.7865784643386
55.027016031837  4.7736166590511
55.38643068502  4.7606548537635
55.745199238539  4.747693048476
56.103349318747  4.7347312431884
56.460908035129  4.7217694379009
56.817902003157  4.7088076326133
57.174357366165  4.6958458273258
57.530299816298  4.6828840220383
57.8857546146  4.6699222167507
58.240746610279  4.6569604114632
58.595300259204  4.6439986061756
58.949439641677  4.6310368008882
59.303188479521  4.6180749956006
59.656570152513  4.6051131903131
60.009607714225  4.5921513850255
60.36232390727  4.579189579738
60.71474117802  4.5662277744505
61.066881690809  4.5532659691629
61.418767341647  4.5403041638754
61.770419771484  4.5273423585878
62.121860379042  4.5143805533003
62.47311033324  4.5014187480127
62.824190585238  4.4884569427252
63.17512188012  4.4754951374376
63.525924768233  4.4625333321501
63.87661961621  4.4495715268625
64.227226617691  4.436609721575
64.577765803754  4.4236479162875
64.928257053084  4.4106861109999
65.278720101893  4.3977243057124
65.629174553599  4.3847625004249
65.979639888285  4.3718006951374
66.330135471955  4.3588388898498
66.680680565593  4.3458770845623
67.031294334044  4.3329152792747
67.381995854727  4.3199534739872
67.73280412619  4.3069916686997
68.083738076528  4.2940298634121
68.434816571653  4.2810680581246
68.786058423463  4.268106252837
69.137482397879  4.2551444475495
69.489107222794  4.2421826422619
69.840951595924  4.2292208369744
70.193034192581  4.2162590316868
70.545373673364  4.2032972263993
70.897988691804  4.1903354211117
71.250897901932  4.1773736158242
71.604119965822  4.1644118105366
71.957673561081  4.1514500052491
72.31157738832  4.1384881999617
72.665850178601  4.1255263946741
73.02051070087  4.1125645893866
73.375577769393  4.099602784099
73.731070251185  4.0866409788115
74.087007073467  4.0736791735239
74.443407231125  4.0607173682364
74.800289794217  4.0477555629489
75.157673915502  4.0347937576613
75.515578838018  4.0218319523738
75.874023902722  4.0088701470862
76.233028556179  3.9959083417987
76.592612358324  3.9829465365111
76.952794990312  3.9699847312236
77.313596262443  3.957022925936
77.675036122188  3.9440611206485
78.037134662318  3.9310993153609
78.399912129154  3.9181375100734
78.763388930925  3.9051757047858
79.127585646276  3.8922138994984
79.492523032906  3.8792520942109
79.858222036361  3.8662902889233
80.224703798996  3.8533284836358
80.591989669101  3.8403666783482
80.960101210218  3.8274048730607
81.329060210649  3.8144430677731
81.698888693179  3.8014812624856
82.069608925006  3.788519457198
82.441243427914  3.7755576519105
82.813814988688  3.762595846623
83.187346669786  3.7496340413354
83.561861820282  3.7366722360479
83.937384087106  3.7237104307603
84.313937426573  3.7107486254728
84.691546116244  3.6977868201852
85.070234767114  3.6848250148977
85.450028336158  3.6718632096101
85.830952139245  3.6589014043226
86.213031864447  3.6459395990352
86.596293585758  3.6329777937476
86.980763777241  3.6200159884601
87.366469327631  3.6070541831725
87.753437555422  3.594092377885
88.14169622445  3.5811305725974
88.531273559999  3.5681687673099
88.922198265478  3.5552069620223
89.314499539663  3.5422451567348
89.708207094569  3.5292833514472
90.103351173958  3.5163215461597
90.49996257253  3.5033597408722
90.898072655829  3.4903979355846
91.297713380905  3.4774361302971
91.698917317761  3.4644743250095
92.101717671643  3.451512519722
92.506148306206  3.4385507144344
92.912243767608  3.4255889091469
93.320039309579  3.4126271038593
93.729570919524  3.3996652985719
94.140875345713  3.3867034932844
94.553990125617  3.3737416879968
94.968953615457  3.3607798827093
95.385805021036  3.3478180774217
95.804584429917  3.3348562721342
96.225332845042  3.3218944668466
96.648092219858  3.3089326615591
97.072905495044  3.2959708562715
97.499816636941  3.283009050984
97.92887067777  3.2700472456964
98.360113757769  3.2570854404089
98.793593169339  3.2441236351214
99.229357403341  3.2311618298338
99.667456197671  3.2182000245463
100.10794058826  3.2052382192587
100.55086296264  3.1922764139712
100.99627711625  3.1793146086836
101.4442383117  3.1663528033961
101.89480334104  3.1533909981086
102.34803059147  3.1404291928211
102.80398011453  3.1274673875336
103.26271369901  3.114505582246
103.72429494802  3.1015437769585
104.18878936025  3.0885819716709
104.65626441597  3.0756201663834
105.12678966787  3.0626583610958
105.6004368373  3.0496965558083
106.07727991617  3.0367347505207
106.55739527495  3.0237729452332
107.0408617773  3.0108111399456
107.52776090178  2.9978493346581
108.01817687111  2.9848875293706
108.51219678982  2.971925724083
109.0099107906  2.9589639187955
109.51141219046  2.9460021135079
110.01679765706  2.9330403082204
110.5261673865  2.9200785029328
111.03962529321  2.9071166976454
111.55727921314  2.8941548923578
112.0792411213  2.8811930870703
112.60562736511  2.8682312817828
113.13655891477  2.8552694764952
113.67216163234  2.8423076712077
114.21256656121  2.8293458659201
114.75791023798  2.8163840606326
115.30833502876  2.803422255345
115.86398949253  2.7904604500575
116.42502877394  2.7774986447699
116.99161502887  2.7645368394824
117.56391788596  2.7515750341948
118.14211494799  2.7386132289073
118.72639233734  2.7256514236198
119.31694529054  2.7126896183322
119.9139788072  2.6997278130447
120.51770835983  2.6867660077571
121.12836067142  2.6738042024696
121.74617456913  2.6608423971821
122.37140192325  2.6478805918946
123.00430868221  2.634918786607
123.64517601593  2.6219569813195
124.29430158173  2.608995176032
124.95200092935  2.5960333707444
125.61860906418  2.5830715654569
126.29448219123  2.5701097601693
126.97999966596  2.5571479548818
127.67556618306  2.5441861495942
128.38161423944  2.5312243443067
129.09860691505  2.5182625390191
129.82704102293  2.5053007337316
130.56745069066  2.492338928444
131.32041144761  2.4793771231565
132.08654490842  2.466415317869
132.8665241628  2.4534535125814
133.66108000662  2.4404917072939
134.4710081807  2.4275299020063
135.29717782456  2.4145680967189
136.14054140421  2.4016062914313
137.0021464415  2.3886444861438
137.88314946197  2.3756826808562
138.78483269746  2.3627208755687
139.70862424008  2.3497590702812
140.65612256244  2.3367972649936
141.62912662075  2.3238354597061
142.62967317928  2.3108736544185
143.66008359627  2.297911849131
144.72302318176  2.2849500438434
145.82157752508  2.2719882385559
146.95935213294  2.2590264332683
148.14060472655  2.2460646279808
149.3704243316  2.2331028226932
150.65497915085  2.2201410174057
152.00186858245  2.2071792121181
153.42063848962  2.1942174068306
154.92356311892  2.1812556015431
156.52688474307  2.1682937962556
158.25288873311  2.1553319909681
160.13362690787  2.1423701856805
162.21824427662  2.129408380393
164.58939148608  2.1164465751054
167.4080739396  2.1034847698179
171.08956929718  2.0905229645304
180  2.0775611592428


