#d+d&rarr;t+p, <em>E<sub>k</sub></em>(d)=2 MeV
#<em>&theta;</em><sub>3</sub>, <em>KE</em><sub>3</sub>
180  0.066564064495651
152.66254158626  0.079525869783538
143.04301994424  0.09248767507097
136.4934035379  0.1054494803584
131.50433655761  0.11841128564583
127.47877516345  0.13137309093372
124.11005462606  0.14433489622115
121.21781845236  0.15729670150859
118.68655177208  0.17025850679602
116.4377305959  0.1832203120839
114.41555538332  0.19618211737134
112.57898060136  0.20914392265877
110.89696211939  0.2221057279462
109.34547521057  0.23506753323409
107.90556498379  0.24802933852152
106.5620277389  0.26099114380895
105.30249316099  0.27395294909638
104.1167696652  0.28691475438382
102.99636742194  0.2998765596717
101.93414431249  0.31283836495913
100.92403877327  0.32580017024657
99.96086522666  0.338761975534
99.040155360664  0.35172378082189
98.158033508777  0.36468558610932
97.311117741804  0.37764739139675
96.496440589547  0.39060919668418
95.711384920225  0.40357100197207
94.953631646931  0.4165328072595
94.22111675124  0.42949461254693
93.511995712054  0.44245641783436
92.824613868614  0.45541822312225
92.157481575336  0.46838002840968
91.509253253615  0.48134183369712
90.878709634058  0.49430363898455
90.264742626998  0.50726544427243
89.66634237091  0.52022724955987
89.082586095489  0.5331890548473
88.512628504595  0.54615086013473
87.955693438405  0.55911266542216
87.41106661723  0.57207447071005
86.878089303977  0.58503627599748
86.356152750059  0.59799808128491
85.844693312119  0.61095988657235
85.343188145256  0.62392169186023
84.85115139353  0.63688349714766
84.36813081083  0.6498453024351
83.893704755452  0.66280710772253
83.427479510172  0.67576891301042
82.969086886699  0.68873071829785
82.518182079269  0.70169252358528
82.074441737124  0.71465432887271
81.6375622298  0.7276161341606
81.207258082671  0.74057793944803
80.783260563225  0.75353974473546
80.365316401056  0.76650155002289
79.953186626798  0.77946335531033
79.546645517044  0.79242516059821
79.145479633917  0.80538696588565
78.749486949356  0.81834877117308
78.358476045341  0.83131057646051
77.972265382356  0.8442723817484
77.590682629234  0.85723418703583
77.213564048363  0.87019599232326
76.840753930872  0.88315779761069
76.472104077028  0.89611960289858
76.107473317588  0.90908140818601
75.746727072327  0.92204321347344
75.389736942321  0.93500501876088
75.036380332981  0.94796682404876
74.686540105079  0.96092862933619
74.340104251343  0.97389043462363
73.996965596398  0.98685223991106
73.657021518084  0.99981404519895
73.320173688338  1.0127758504864
72.986327832036  1.0257376557738
72.655393502321  1.0386994610612
72.327283871082  1.0516612663487
72.001915533391  1.0646230716366
71.679208324785  1.077584876924
71.359085150409  1.0905466822114
71.041471825097  1.1035084874989
70.726296923577  1.1164702927867
70.41349164003  1.1294320980742
70.102989656315  1.1423939033616
69.794727018231  1.155355708649
69.488642019228  1.1683175139369
69.184675091038  1.1812793192244
68.882768700737  1.1942411245118
68.582867253792  1.2072029297992
68.284917002674  1.2201647350871
67.988865960656  1.2331265403745
67.694663820454  1.246088345662
67.402261877382  1.2590501509494
67.111612956711  1.2720119562368
66.822671344984  1.2849737615247
66.535392724999  1.2979355668122
66.249734114245  1.3108973720996
65.965653806571  1.323859177387
65.683111316868  1.3368209826749
65.402067328598  1.3497827879623
65.122483643976  1.3627445932498
64.844323136657  1.3757063985372
64.567549706764  1.3886682038251
64.292128238123  1.4016300091125
64.018024557577  1.4145918144
63.745205396246  1.4275536196874
63.473638352629  1.4405154249753
63.203291857436  1.4534772302627
62.934135140051  1.4664390355501
62.666138196535  1.4794008408376
62.399271759079  1.4923626461255
62.133507266832  1.5053244514129
61.868816838011  1.5182862567003
61.605173243246  1.5312480619878
61.342549880074  1.5442098672752
61.080920748525  1.5571716725631
60.82026042774  1.5701334778505
60.560544053565  1.5830952831379
60.301747297079  1.5960570884254
60.043846343982  1.6090188937133
59.786817874826  1.6219806990007
59.530639046025  1.6349425042881
59.275287471609  1.6479043095756
59.020741205685  1.6608661148634
58.766978725572  1.6738279201509
58.513978915559  1.6867897254383
58.261721051274  1.6997515307257
58.010184784622  1.7127133360136
57.759350129259  1.7256751413011
57.50919744659  1.7386369465885
57.259707432243  1.7515987518759
57.010861103013  1.7645605571638
56.762639784242  1.7775223624512
56.515025097616  1.7904841677387
56.267998949358  1.8034459730261
56.021543518791  1.8164077783135
55.775641247266  1.8293695836014
55.530274827415  1.8423313888889
55.285427192734  1.8552931941763
55.041081507461  1.8682549994637
54.797221156743  1.8812168047516
54.55382973708  1.894178610039
54.310891047012  1.9071404153265
54.068389078068  1.9201022206139
53.82630800592  1.9330640259018
53.58463218178  1.9460258311892
53.343346123976  1.9589876364766
53.102434509739  1.9719494417641
52.861882167154  1.984911247052
52.621674067295  1.9978730523394
52.381795316511  2.0108348576268
52.142231148853  2.0237966629143
51.902966918655  2.0367584682017
51.663988093227  2.0497202734896
51.425280245679  2.062682078777
51.186829047843  2.0756438840644
50.948620263302  2.0886056893519
50.710639740512  2.1015674946398
50.472873405996  2.1145292999272
50.235307257624  2.1274911052146
49.99792735795  2.1404529105021
49.760719827608  2.1534147157899
49.523670838762  2.1663765210774
49.286766608589  2.1793383263648
49.049993392796  2.1923001316522
48.813337479168  2.2052619369401
48.576785181129  2.2182237422276
48.340322831303  2.231185547515
48.103936775092  2.2441473528024
47.867613364233  2.2571091580903
47.631338950344  2.2700709633777
47.395099878449  2.2830327686652
47.158882480464  2.2959945739526
46.922673068649  2.30895637924
46.686457929006  2.3219181845279
46.450223314621  2.3348799898154
46.213955438942  2.3478417951028
45.977640468973  2.3608036003902
45.741264518393  2.3737654056781
45.504813640569  2.3867272109655
45.268273821474  2.399689016253
45.031630972484  2.4126508215404
44.79487092305  2.4256126268283
44.557979413235  2.4385744321157
44.3209420861  2.4515362374032
44.083744479934  2.4644980426906
43.846372020311  2.4774598479785
43.608810011956  2.4904216532659
43.371043630422  2.5033834585533
43.133057913545  2.5163452638408
42.894837752682  2.5293070691282
42.656367883697  2.5422688744161
42.417632877694  2.5552306797035
42.178617131472  2.568192484991
41.939304857685  2.5811542902784
41.699680074697  2.5941160955663
41.459726596091  2.6070779008537
41.219428019839  2.6200397061411
40.978767717087  2.6330015114286
40.737728820541  2.6459633167165
40.496294212437  2.6589251220039
40.254446512047  2.6718869272913
40.012168062719  2.6848487325788
39.769440918401  2.6978105378666
39.526246829623  2.7107723431541
39.282567228912  2.7237341484415
39.038383215587  2.7366959537289
38.793675539915  2.7496577590168
38.548424586565  2.7626195643043
38.302610357341  2.7755813695917
38.05621245312  2.7885431748791
37.809210054968  2.8015049801666
37.561581904367  2.8144667854544
37.313306282499  2.8274285907419
37.06436098852  2.8403903960293
36.814723316771  2.8533522013167
36.564370032828  2.8663140066046
36.313277348351  2.8792758118921
36.061420894605  2.8922376171795
35.808775694605  2.9051994224669
35.555316133751  2.9181612277548
35.301015928878  2.9311230330422
35.045848095585  2.9440848383297
34.789784913735  2.9570466436171
34.532797890976  2.970008448905
34.274857724163  2.9829702541924
34.015934258492  2.9959320594799
33.755996444201  3.0088938647673
33.495012290635  3.0218556700547
33.232948817478  3.0348174753426
32.969772002931  3.04777928063
32.705446728583  3.0607410859175
32.43993672072  3.0737028912049
32.173204487776  3.0866646964928
31.9052112536  3.0996265017802
31.635916886199  3.1125883070677
31.365279821556  3.1255501123551
31.093256982109  3.138511917643
30.819803689407  3.1514737229304
30.544873570434  3.1644355282178
30.268418457019  3.1773973335053
29.990388277689  3.1903591387932
29.710730941263  3.2033209440806
29.429392211389  3.216282749368
29.146315571147  3.2292445546555
28.861442076736  3.2422063599433
28.574710199137  3.2551681652308
28.286055652527  3.2681299705182
27.995411208051  3.2810917758056
27.70270649139  3.2940535810931
27.407867762373  3.307015386381
27.110817674633  3.3199771916684
26.811475013046  3.3329389969558
26.509754406401  3.3459008022432
26.205566012365  3.3588626075311
25.898815171414  3.3718244128186
25.589402025891  3.384786218106
25.277221099822  3.3977480233934
24.962160834396  3.4107098286813
24.644103073281  3.4236716339688
24.322922490979  3.4366334392562
23.998485956318  3.4495952445436
23.670651821852  3.4625570498315
23.339269128362  3.4755188551189
23.004176711711  3.4884806604064
22.665202196993  3.5014424656938
22.322160862119  3.5144042709812
21.97485434949  3.5273660762691
21.623069200205  3.5403278815565
21.26657517999  3.553289686844
20.905123359512  3.5662514921314
20.538443903559  3.5792132974193
20.16624351329  3.5921751027067
19.788202452606  3.6051369079942
19.403971072964  3.6180987132816
19.013165729238  3.6310605185695
18.615363950986  3.6440223238569
18.210098696269  3.6569841291443
17.796851465653  3.6699459344318
17.375043987429  3.6829077397197
16.944028094279  3.6958695450071
16.503073286336  3.7088313502945
16.051351299927  3.721793155582
15.587916751224  3.7347549608699
15.111682561606  3.7477167661573
14.621388335728  3.7606785714447
14.115559054011  3.7736403767321
13.592450188175  3.7866021820196
13.049973354255  3.7995639873075
12.485593342233  3.8125257925949
11.89618178401  3.8254875978823
11.277802816169  3.8384494031698
10.625387609003  3.8514112084576
9.9322180280398  3.8643730137451
9.1890617502684  3.8773348190325
8.3826193579999  3.8902966243199
7.4924665287758  3.9032584296078
6.4841997146106  3.9162202348953
5.2906929156876  3.9291820401827
3.7385243625845  3.9421438454701
0  3.955105650758


