#d+p&rarr;d+p, <em>E<sub>k</sub></em>(d)=2 MeV
#<em>&theta;</em><sub>3</sub>, <em>KE</em><sub>3</sub>
0  0.22182300919212
6.5406103399854  0.22775026582826
9.1353340482522  0.23367752246418
11.052375701366  0.23960477910032
12.609582514447  0.24553203573623
13.932130316752  0.25145929237237
15.085243657133  0.25738654900829
16.108264655698  0.26331380564443
17.027203386189  0.26924106228034
17.86037805581  0.27516831891649
18.621300793417  0.2810955755524
19.320297110331  0.28702283218854
19.965480207167  0.29295008882445
20.563369944385  0.2988773454606
21.11930369811  0.30480460209651
21.637719102596  0.31073185873265
22.122354606874  0.31665911536857
22.576395444201  0.32258637200471
23.002582252219  0.32851362864062
23.403293473385  0.33444088527654
23.780608931125  0.34036814191268
24.136359621366  0.34629539854859
24.472167231097  0.35222265518473
24.789475879948  0.35814991182065
25.089577890719  0.36407716845679
25.373634916567  0.3700044250927
25.642695415333  0.37593168172884
25.897709219697  0.38185893836476
26.139539775967  0.3877861950009
26.368974494685  0.39371345163681
26.586733559365  0.39964070827295
26.793477466662  0.40556796490887
26.989813515442  0.41149522154501
27.176301419269  0.41742247818092
27.353458183398  0.42334973481707
27.521762361146  0.42927699145298
27.681657783785  0.43520424808912
27.833556841597  0.44113150472504
27.977843380492  0.44705876136118
28.114875267899  0.45298601799709
28.244986672948  0.45891327463323
28.368490098881  0.46484053126915
28.485678199782  0.47076778790529
28.596825408916  0.4766950445412
28.702189401945  0.48262230117734
28.802012414992  0.48854955781326
28.896522434691  0.4944768144494
28.985934275039  0.50040407108531
29.070450553865  0.50633132772145
29.150262580065  0.51225858435737
29.225551161295  0.51818584099351
29.296487340617  0.52411309762942
29.363233069524  0.53004035426534
29.425941823879  0.53596761090148
29.484759168526  0.54189486753739
29.539823275652  0.54782212417354
29.591265401399  0.55374938080945
29.639210324724  0.55967663744559
29.683776752053  0.56560389408151
29.725077690895  0.57153115071765
29.763220795235  0.57745840735356
29.79830868524  0.5833856639897
29.830439243544  0.58931292062562
29.859705890132  0.59524017726176
29.886197837675  0.60116743389767
29.910000328941  0.60709469053381
29.931194857786  0.61302194716973
29.949859375065  0.61894920380587
29.966068480674  0.62487646044178
29.979893602835  0.63080371707792
29.991403165628  0.63673097371384
30.000662745664  0.64265823034998
30.007735218752  0.64858548698589
30.012680897298  0.65451274362204
30.015557659134  0.66044000025795
30.016421068407  0.66636725689409
30.015324489102  0.67229451353001
30.012319191732  0.67822177016615
30.007454453678  0.68414902680206
30.000777653618  0.6900762834382
29.992334360465  0.69600354007412
29.982168417184  0.70193079671026
29.970322019832  0.70785805334617
29.956835792146  0.71378530998231
29.941748855968  0.71971256661823
29.925098897786  0.72563982325414
29.906922231639  0.73156707989028
29.887253858612  0.7374943365262
29.866127523152  0.74342159316234
29.843575766389  0.74934884979825
29.819629976659  0.75527610643439
29.794320437393  0.76120336307031
29.767676372536  0.76713061970645
29.739725989643  0.77305787634236
29.710496520792  0.77898513297851
29.680014261444  0.78491238961442
29.648304607358  0.79083964625056
29.615392089693  0.79676690288647
29.581300408384  0.80269415952262
29.546052463901  0.80862141615853
29.50967038747  0.81454867279467
29.472175569854  0.82047592943059
29.433588688767  0.82640318606673
29.393929734992  0.83233044270264
29.353218037282  0.83825769933878
29.311472286102  0.8441849559747
29.268710556273  0.85011221261084
29.224950328583  0.85603946924675
29.180208510411  0.86196672588289
29.134501455418  0.86789398251881
29.087844982352  0.87382123915495
29.040254393016  0.87974849579086
28.991744489427  0.88567575242701
28.942329590231  0.89160300906292
28.892023546381  0.89753026569906
28.84083975614  0.90345752233497
28.78879117942  0.90938477897112
28.735890351508  0.91531203560703
28.682149396193  0.92123929224294
28.627580038328  0.92716654887909
28.572193615854  0.933093805515
28.516001091312  0.93902106215114
28.459013062855  0.94494831878706
28.401239774803  0.9508755754232
28.342691127739  0.95680283205911
28.283376688183  0.96273008869525
28.223305697849  0.96865734533117
28.16248708252  0.97458460196731
28.100929460532  0.98051185860322
28.038641150916  0.98643911523936
27.975630181175  0.99236637187528
27.911904294746  0.99829362851142
27.847470958132  1.0042208851473
27.782337367739  1.0101481417835
27.716510456409  1.0160753984194
27.649996899676  1.0220026550555
27.582803121753  1.0279299116914
27.514935301248  1.0338571683276
27.446399376639  1.0397844249635
27.377201051499  1.0457116815996
27.307345799486  1.0516389382356
27.236838869111  1.0575661948717
27.16568528828  1.0634934515076
27.093889868632  1.0694207081438
27.021457209668  1.0753479647797
26.948391702679  1.0812752214158
26.874697534483  1.0872024780517
26.80037869098  1.0931297346879
26.725438960514  1.0990569913238
26.64988193707  1.1049842479599
26.57371102329  1.1109115045958
26.496929433326  1.1168387612317
26.419540195525  1.1227660178679
26.34154615496  1.1286932745038
26.262949975797  1.1346205311399
26.183754143514  1.1405477877759
26.103960966967  1.146475044412
26.02357258031  1.1524023010479
25.942590944767  1.1583295576841
25.861017850262  1.16425681432
25.778854916911  1.1701840709561
25.696103596366  1.176111327592
25.612765173034  1.1820385842282
25.528840765148  1.1879658408641
25.444331325704  1.1938930975002
25.359237643272  1.1998203541361
25.27356034266  1.2057476107723
25.187299885456  1.2116748674082
25.100456570427  1.2176021240443
25.013030533789  1.2235293806802
24.925021749342  1.2294566373164
24.836430028471  1.2353838939523
24.747255020009  1.2413111505884
24.657496209967  1.2472384072244
24.567152921123  1.2531656638605
24.476224312475  1.2590929204964
24.384709378548  1.2650201771326
24.292606948563  1.2709474337685
24.199915685459  1.2768746904046
24.106634084762  1.2828019470405
24.012760473314  1.2887292036767
23.918293007835  1.2946564603126
23.823229673335  1.3005837169487
23.727568281362  1.3065109735846
23.631306468088  1.3124382302206
23.534441692215  1.3183654868567
23.436971232716  1.3242927434926
23.338892186389  1.3302200001287
23.240201465226  1.3361472567647
23.140895793589  1.3420745134008
23.040971705189  1.3480017700367
22.940425539849  1.3539290266729
22.839253440065  1.3598562833088
22.737451347334  1.3657835399449
22.635014998256  1.3717107965808
22.531939920388  1.377638053217
22.428221427853  1.3835653098529
22.323854616684  1.389492566489
22.218834359888  1.3954198231249
22.113155302229  1.4013470797611
22.00681185471  1.407274336397
21.899798188734  1.4132015930331
21.792108229939  1.4191288496691
21.683735651682  1.4250561063052
21.574673868163  1.4309833629411
21.464916027159  1.4369106195772
21.354455002354  1.4428378762132
21.243283385244  1.4487651328493
21.131393476591  1.4546923894852
21.0187772774  1.4606196461214
20.905426479395  1.4665469027573
20.79133245496  1.4724741593934
20.67648624652  1.4784014160293
20.560878555322  1.4843286726655
20.444499729582  1.4902559293014
20.327339751964  1.4961831859375
20.209388226336  1.5021104425734
20.090634363775  1.5080376992094
19.971066967753  1.5139649558455
19.850674418468  1.5198922124814
19.729444656246  1.5258194691176
19.607365163973  1.5317467257535
19.484422948464  1.5376739823896
19.360604520717  1.5436012390255
19.235895874965  1.5495284956617
19.110282466433  1.5554557522976
18.983749187724  1.5613830089337
18.856280343711  1.5673102655696
18.727859624839  1.5732375222058
18.598470078711  1.5791647788417
18.468094079825  1.5850920354778
18.336713297318  1.5910192921137
18.204308660555  1.5969465487499
18.070860322402  1.6028738053858
17.936347619971  1.6088010620219
17.800749032647  1.6147283186579
17.66404213716  1.620655575294
17.526203559438  1.6265828319299
17.387208922981  1.6325100885661
17.247032793424  1.638437345202
17.105648618959  1.6443646018381
16.963028666235  1.650291858474
16.819143951303  1.6562191151102
16.673964165148  1.6621463717461
16.527457593278  1.6680736283822
16.379591028774  1.6740008850181
16.230329678171  1.6799281416543
16.079637059405  1.6858553982902
15.927474891027  1.6917826549263
15.773802971733  1.6977099115622
15.618579049178  1.7036371681982
15.461758676884  1.7095644248343
15.303295057894  1.7154916814702
15.143138873646  1.7214189381064
14.98123809634  1.7273461947423
14.817537782799  1.7332734513784
14.651979847547  1.7392007080143
14.484502812508  1.7451279646505
14.315041530304  1.7510552212864
14.143526877664  1.7569824779225
13.969885414932  1.7629097345584
13.794039006958  1.7688369911946
13.615904399901  1.7747642478305
13.435392747509  1.7806915044666
13.252409079314  1.7866187611025
13.066851701798  1.7925460177387
12.878611521911  1.7984732743746
12.687571280288  1.8044005310107
12.493604678962  1.8103277876467
12.296575385312  1.8162550442828
12.096335890068  1.8221823009187
11.892726192364  1.8281095575549
11.685572278735  1.8340368141908
11.474684355155  1.8399640708269
11.259854781288  1.8458913274628
11.040855643264  1.851818584099
10.817435884552  1.8577458407349
10.589317892436  1.863673097371
10.356193408288  1.8696003540069
10.117718590361  1.8755276106431
9.8735080040525  1.881454867279
9.6231272403942  1.8873821239151
9.3660837594936  1.893309380551
9.1018154076333  1.899236637187
8.8296758421437  1.9051638938231
8.5489157810737  1.911091150459
8.2586585156906  1.9170184070952
7.9578673823898  1.9229456637311
7.6453017107183  1.9288729203672
7.3194558266667  1.9348001770031
6.9784723914714  1.9407274336393
6.6200154982178  1.9466546902752
6.2410780181809  1.9525819469113
5.8376760469149  1.9585092035472
5.4043372244045  1.9644364601834
4.9331822511293  1.9703637168193
4.4121167948308  1.9762909734554
3.8207796158177  1.9822182300913
3.1194658102825  1.9881454867275
2.2056602917782  1.9940727433634
0  1.9999999999995


