#d+p&rarr;d+p, <em>E<sub>k</sub></em>(d)=2 MeV
#<em>&theta;</em><sub>4</sub>, <em>KE</em><sub>4</sub>
0  1.7781769908073
3.3082503346479  1.7722497341713
4.6811869274764  1.7663224775353
5.7364713708258  1.7603952208993
6.6276263548342  1.7544679642633
7.4140830008437  1.7485407076273
8.126304550521  1.7426134509913
8.7823780333469  1.7366861943552
9.3940821193483  1.7307589377192
9.9695942241496  1.7248316810832
10.514865384095  1.7189044244471
11.034386027167  1.7129771678111
11.531643164744  1.7070499111751
12.009408594736  1.7011226545391
12.469928706052  1.695195397903
12.915054068243  1.689268141267
13.346330625273  1.683340884631
13.76506554282  1.677413627995
14.172375820523  1.6714863713589
14.569224880659  1.6655591147229
14.956450579043  1.6596318580869
15.334786974468  1.6537046014508
15.704881476319  1.6477773448148
16.067308515648  1.6418500881788
16.422580563987  1.6359228315428
16.771157102782  1.6299955749067
17.11345199075  1.6240683182707
17.449839565529  1.6181410616347
17.780659735565  1.6122138049986
18.106222259198  1.6062865483626
18.426810364061  1.6003592917266
18.742683826945  1.5944320350906
19.054081609264  1.5885047784545
19.361224124027  1.5825775218185
19.66431519538  1.5766502651825
19.963543760176  1.5707230085465
20.259085351875  1.5647957519105
20.551103399874  1.5588684952745
20.839750371545  1.5529412386385
21.125168779657  1.5470139820025
21.407492074051  1.5410867253664
21.686845433436  1.5351594687304
21.963346470627  1.5292322120944
22.237105862522  1.5233049554583
22.508227914399  1.5173776988223
22.776811066718  1.5114504421863
23.042948351415  1.5055231855503
23.306727803722  1.4995959289142
23.568232834687  1.4936686722782
23.827542568884  1.4877414156422
24.084732151208  1.4818141590061
24.339873026153  1.4758869023701
24.593033192509  1.4699596457341
24.844277436106  1.4640323890981
25.093667542836  1.458105132462
25.341262493992  1.452177875826
25.587118645666  1.44625061919
25.831289893775  1.440323362554
26.0738278261  1.4343961059179
26.314781862564  1.4284688492819
26.554199384846  1.4225415926459
26.792125856306  1.4166143360098
27.028604933087  1.4106870793738
27.263678567187  1.4047598227378
27.497387102195  1.3988325661018
27.729769362313  1.3929053094657
27.960862735251  1.3869780528297
28.190703249482  1.3810507961937
28.419325646335  1.3751235395578
28.646763447346  1.3691962829217
28.873049017225  1.3632690262857
29.098213622808  1.3573417696497
29.322287488286  1.3514145130137
29.54529984701  1.3454872563776
29.767278990114  1.3395599997416
29.988252312212  1.3336327431056
30.208246354366  1.3277054864695
30.427286844536  1.3217782298335
30.64539873568  1.3158509731975
30.862606241687  1.3099237165615
31.078932871273  1.3039964599254
31.29440146  1.2980692032894
31.50903420053  1.2921419466534
31.722852671252  1.2862146900173
31.935877863362  1.2802874333813
32.148130206532  1.2743601767453
32.359629593226  1.2684329201093
32.570395401783  1.2625056634732
32.780446518314  1.2565784068372
32.989801357508  1.2506511502012
33.198477882418  1.2447238935652
33.406493623267  1.2387966369291
33.613865695359  1.2328693802931
33.820610816135  1.2269421236571
34.026745321431  1.221014867021
34.232285180978  1.215087610385
34.437246013202  1.209160353749
34.641643099352  1.203233097113
34.845491396999  1.1973058404769
35.048805552942  1.1913785838409
35.251599915564  1.1854513272049
35.453888546647  1.179524070569
35.655685232701  1.1735968139329
35.857003495819  1.1676695572969
36.057856604083  1.1617423006609
36.258257581563  1.1558150440248
36.458219217904  1.1498877873888
36.657754077549  1.1439605307528
36.856874508604  1.1380332741168
37.055592651365  1.1321060174807
37.253920446528  1.1261787608447
37.4518696431  1.1202515042087
37.649451806023  1.1143242475727
37.846678323527  1.1083969909366
38.043560414229  1.1024697343006
38.240109133992  1.0965424776646
38.436335382547  1.0906152210285
38.632249909908  1.0846879643925
38.827863322568  1.0787607077565
39.023186089515  1.0728334511205
39.218228548047  1.0669061944844
39.413000909429  1.0609789378484
39.607513264366  1.0550516812124
39.801775588336  1.0491244245763
39.995797746763  1.0431971679403
40.189589500052  1.0372699113043
40.383160508499  1.0313426546683
40.576520337064  1.0254153980322
40.769678460031  1.0194881413962
40.962644265562  1.0135608847602
41.155427060134  1.0076336281242
41.348036072888  1.0017063714881
41.540480459879  0.9957791148521
41.73276930824  0.98985185821607
41.924911640265  0.98392460158016
42.116916417417  0.97799734494413
42.30879254426  0.9720700883081
42.500548872331  0.96614283167207
42.692194203947  0.96021557503605
42.883737295952  0.95428831840002
43.075186863423  0.94836106176399
43.266551583313  0.94243380512796
43.457840098067  0.93650654849193
43.649061019183  0.93057929185591
43.840222930752  0.92465203521988
44.031334392957  0.91872477858385
44.22240394555  0.91279752194782
44.413440111306  0.9068702653118
44.604451399458  0.90094300867577
44.795446309112  0.89501575203974
44.986433332661  0.88908849540371
45.17742095918  0.88316123876768
45.368417677824  0.87723398213166
45.559431981226  0.87130672549563
45.750472368896  0.8653794688596
45.941547350628  0.85945221222357
46.132665449925  0.85352495558755
46.323835207425  0.84759769895152
46.515065184362  0.84167044231549
46.70636396604  0.83574318567946
46.897740165336  0.82981592904343
47.089202426235  0.82388867240741
47.280759427403  0.81796141577138
47.472419885791  0.81203415913535
47.66419256029  0.80610690249932
47.856086255433  0.8001796458633
48.048109825141  0.79425238922727
48.240272176542  0.78832513259135
48.432582273831  0.78239787595533
48.625049142215  0.7764706193193
48.81768187192  0.77054336268327
49.010489622272  0.76461610604724
49.203481625867  0.75868884941121
49.396667192824  0.75276159277519
49.590055715134  0.74683433613916
49.783656671104  0.74090707950313
49.977479629908  0.7349798228671
50.171534256254  0.72905256623108
50.365830315161  0.72312530959505
50.56037767687  0.71719805295902
50.755186321881  0.71127079632299
50.950266346138  0.70534353968696
51.145627966353  0.69941628305094
51.341281525496  0.69348902641491
51.537237498447  0.68756176977888
51.733506497824  0.68163451314285
51.930099279993  0.67570725650683
52.127026751281  0.6697799998708
52.324299974386  0.66385274323477
52.521930175012  0.65792548659874
52.719928748731  0.65199822996271
52.918307268086  0.64607097332669
53.117077489953  0.64014371669066
53.316251363173  0.63421646005463
53.515841036465  0.6282892034186
53.715858866649  0.62236194678258
53.916317427178  0.61643469014655
54.11722951701  0.61050743351052
54.31860816984  0.60458017687449
54.520466663701  0.59865292023846
54.722818530962  0.59272566360255
54.925677568753  0.58679840696652
55.129057849828  0.58087115033049
55.3329737339  0.57494389369447
55.537439879473  0.56901663705844
55.742471256208  0.56308938042241
55.948083157838  0.55716212378638
56.154291215687  0.55123486715036
56.361111412805  0.54530761051433
56.568560098786  0.5393803538783
56.776654005281  0.53345309724227
56.985410262275  0.52752584060624
57.194846415155  0.52159858397022
57.404980442641  0.51567132733419
57.615830775614  0.50974407069816
57.827416316916  0.50381681406213
58.039756462176  0.49788955742611
58.252871121737  0.49196230079008
58.46678074375  0.48603504415405
58.681506338527  0.48010778751802
58.89706950422  0.47418053088199
59.113492453945  0.46825327424597
59.330798044424  0.46232601760994
59.549009806276  0.45639876097391
59.768151976064  0.45047150433788
59.988249530229  0.44454424770186
60.209328221057  0.43861699106583
60.431414614813  0.4326897344298
60.654536132238  0.42676247779377
60.878721091558  0.42083522115774
61.103998754222  0.41490796452172
61.330399373578  0.40898070788569
61.557954246729  0.40305345124966
61.786695769819  0.39712619461375
62.016657497036  0.39119893797772
62.247874203654  0.38527168134169
62.480381953442  0.37934442470566
62.71421817083  0.37341716806964
62.949421718244  0.36748991143361
63.186032979083  0.36156265479758
63.424093946828  0.35563539816155
63.663648320876  0.34970814152553
63.904741609711  0.3437808848895
64.147421242119  0.33785362825347
64.391736687234  0.33192637161744
64.637739584277  0.32599911498141
64.885483882976  0.32007185834539
65.135025995756  0.31414460170936
65.386424962925  0.30821734507333
65.639742632259  0.3022900884373
65.895043854521  0.29636283180128
66.152396696711  0.29043557516525
66.411872675023  0.28450831852922
66.673547009807  0.27858106189319
66.937498905117  0.27265380525716
67.20381185581  0.26672654862114
67.472573985591  0.26079929198511
67.743878419901  0.25487203534908
68.017823698137  0.24894477871305
68.294514230404  0.24301752207703
68.574060804809  0.237090265441
68.856581152318  0.23116300880497
69.142200577347  0.22523575216894
69.431052663698  0.21930849553291
69.723280067126  0.21338123889689
70.019035407894  0.20745398226097
70.318482279176  0.20152672562494
70.621796390217  0.19559946898892
70.929166866929  0.18967221235289
71.240797737247  0.18374495571686
71.556909634354  0.17781769908083
71.877741758135  0.17189044244481
72.203554144363  0.16596318580878
72.534630302722  0.16003592917275
72.871280299672  0.15410867253672
73.213844381367  0.14818141590069
73.56269725689  0.14225415926467
73.918253195088  0.13632690262864
74.280972132126  0.13039964599261
74.651367045988  0.12447238935658
75.03001293458  0.11854513272056
75.417557845201  0.11261787608453
75.814736558814  0.1066906194485
76.222387754211  0.10076336281247
76.641475798435  0.094836106176444
77.073118784655  0.088908849540417
77.518625156052  0.082981592904389
77.979542364796  0.077054336268361
78.457722782587  0.071127079632333
78.955414981928  0.065199822996306
79.475393450004  0.059272566360278
80.021148574916  0.05334530972425
80.597175124591  0.047418053088222
81.20942987557  0.041490796452194
81.866098115246  0.035563539816167
82.578969828728  0.029636283180139
83.366149384179  0.023709026544111
84.25812916336  0.017781769908083
85.314397011418  0.011854513272169
86.688621803676  0.0059272566361415
90  1.1368683772162E-13


