$SPEC_ID:
No sample description was entered.
$SPEC_REM:
DET# 5
DETDESC# PHY-NUCLAB-02 MCB 131
AP# Maestro Version 7.01
$DATE_MEA:
04/22/2022 12:48:26
$MEAS_TIM:
300 300
$DATA:
0 2047
       0
       0
       0
       0
       0
       0
       0
       0
       0
       0
       0
       0
       0
       0
       0
       0
       0
       0
       0
       1
       2
       1
       2
       1
       2
       3
       2
       1
       3
       2
       3
       1
       2
       1
       2
       1
       1
       2
       2
       2
       3
       2
       2
       3
       1
       0
       1
       1
       2
       1
       0
       0
       0
       1
       2
       2
       0
       2
       0
       0
       1
       2
       1
       1
       0
       0
       0
       2
       1
       0
       0
       2
       2
       1
       1
       2
       1
       0
       1
       1
       2
       3
       2
       2
       4
       0
       3
       4
       2
       5
       7
       3
       2
       2
       7
       4
       5
       3
       1
       1
       7
       3
      12
       6
       4
       5
       9
       2
       6
       0
       6
       6
       5
       6
       9
       6
       2
       7
       4
       8
       9
       7
       7
       4
       7
       4
       3
       6
       4
       3
       3
       6
       4
       4
       3
       2
       4
       6
       2
       4
       5
       4
       6
       2
       3
       1
       4
       2
       3
       7
       3
       2
       5
       1
       3
       2
       3
       2
       2
       3
       2
       8
       6
       4
       2
       5
       3
       1
       4
       1
       2
       5
       2
       3
       5
       2
       1
       2
       2
       4
       1
       1
       6
       1
       2
       0
       3
       6
       1
       2
       6
       5
       1
       0
       4
       0
       4
       3
       3
       4
       1
       1
       3
       3
       4
       2
       4
       1
       4
       2
       3
       1
       1
       5
       1
       2
       3
       4
       3
       4
       0
       4
       3
       3
       2
       0
       1
       1
       3
       0
       1
       5
       2
       1
       3
       3
       3
       3
       1
       4
       0
       1
       3
       2
       1
       2
       4
       0
       1
       1
       3
       4
       3
       2
       3
       1
       1
       2
       2
       3
       3
       3
       6
       4
       3
       4
       1
       2
       1
       0
       3
       4
       5
       0
       2
       3
       4
       2
       2
       2
       0
       3
       7
       2
       3
       3
       0
       3
       1
       3
       2
       2
       3
       3
       1
       1
       1
       0
       1
       4
       1
       4
       2
       3
       0
       3
       1
       1
       1
       0
       1
       4
       1
       4
       0
       1
       4
       1
       1
       2
       1
       2
       3
       3
       1
       0
       3
       2
       2
       3
       1
       1
       1
       3
       2
       0
       1
       2
       2
       1
       2
       1
       1
       0
       2
       2
       1
       4
       3
       1
       1
       1
       0
       4
       0
       3
       1
       2
       1
       2
       1
       1
       0
       0
       1
       2
       3
       3
       1
       1
       2
       1
       0
       0
       1
       1
       0
       3
       2
       0
       3
       0
       2
       1
       1
       1
       2
       4
       0
       3
       1
       3
       0
       1
       0
       3
       3
       0
       2
       0
       2
       2
       0
       4
       3
       4
       0
       0
       2
       1
       0
       2
       2
       1
       3
       2
       3
       3
       1
       0
       3
       1
       0
       0
       3
       1
       1
       0
       0
       0
       1
       0
       1
       1
       0
       2
       1
       2
       0
       2
       3
       1
       2
       0
       1
       2
       0
       1
       2
       1
       2
       0
       1
       2
       0
       2
       1
       1
       1
       0
       1
       0
       2
       3
       1
       4
       0
       0
       1
       1
       1
       3
       1
       1
       2
       1
       1
       1
       1
       1
       1
       4
       2
       0
       1
       1
       2
       2
       0
       0
       1
       0
       0
       1
       0
       0
       1
       0
       1
       0
       1
       1
       1
       2
       1
       0
       2
       2
       1
       1
       1
       3
       0
       0
       0
       1
       2
       1
       2
       0
       0
       1
       1
       0
       3
       0
       1
       0
       0
       1
       1
       0
       0
       2
       0
       0
       0
       0
       0
       0
       1
       1
       0
       0
       0
       1
       0
       1
       1
       1
       0
       1
       1
       0
       1
       0
       0
       0
       0
       2
       1
       0
       1
       2
       1
       0
       0
       1
       0
       0
       0
       0
       0
       0
       0
       0
       1
       0
       2
       0
       3
       0
       0
       1
       3
       1
       1
       0
       0
       2
       2
       0
       1
       1
       0
       1
       0
       1
       0
       1
       1
       1
       1
       0
       2
       0
       2
       0
       0
       2
       1
       1
       1
       0
       0
       1
       0
       0
       0
       0
       0
       1
       1
       0
       0
       0
       1
       2
       1
       2
       0
       0
       0
       2
       0
       1
       0
       1
       1
       0
       0
       1
       1
       0
       1
       2
       1
       0
       0
       1
       0
       2
       1
       1
       1
       1
       0
       4
       0
       0
       1
       0
       1
       1
       0
       0
       0
       3
       1
       0
       2
       0
       1
       1
       0
       0
       1
       0
       0
       0
       0
       1
       1
       0
       0
       0
       1
       0
       1
       1
       0
       0
       2
       1
       0
       2
       0
       0
       2
       0
       0
       2
       1
       1
       0
       0
       1
       0
       0
       2
       0
       0
       0
       0
       2
       0
       0
       0
       1
       1
       0
       0
       1
       2
       1
       0
       0
       1
       1
       0
       0
       0
       0
       2
       1
       1
       1
       1
       1
       0
       0
       0
       1
       0
       0
       1
       0
       0
       0
       0
       1
       1
       2
       1
       0
       1
       1
       0
       1
       0
       0
       1
       1
       1
       0
       3
       1
       0
       0
       0
       0
       0
       0
       0
       0
       0
       1
       0
       0
       0
       0
       1
       1
       1
       0
       0
       1
       1
       1
       0
       0
       1
       1
       0
       1
       0
       0
       0
       0
       0
       0
       1
       3
       0
       0
       0
       0
       0
       0
       0
       1
       0
       0
       1
       0
       0
       3
       1
       2
       1
       2
       1
       2
       1
       0
       0
       1
       0
       0
       1
       0
       0
       0
       0
       0
       1
       0
       1
       3
       0
       0
       1
       0
       0
       0
       0
       2
       0
       0
       0
       0
       1
       0
       0
       0
       0
       0
       2
       0
       2
       1
       0
       1
       0
       0
       0
       0
       0
       0
       0
       0
       1
       0
       0
       0
       0
       1
       0
       1
       2
       1
       0
       0
       0
       0
       0
       0
       0
       0
       1
       1
       0
       2
       0
       2
       1
       1
       1
       1
       0
       0
       0
       0
       0
       0
       0
       0
       1
       1
       0
       1
       1
       0
       0
       0
       0
       1
       0
       0
       0
       0
       0
       0
       0
       1
       0
       2
       1
       0
       0
       1
       1
       0
       1
       0
       0
       0
       2
       1
       0
       1
       0
       0
       0
       0
       1
       0
       1
       2
       0
       0
       1
       0
       2
       1
       1
       1
       0
       1
       0
       1
       1
       0
       0
       1
       1
       0
       1
       0
       0
       0
       0
       1
       0
       1
       0
       0
       0
       1
       0
       0
       1
       1
       0
       0
       0
       0
       0
       0
       0
       2
       1
       0
       0
       0
       1
       0
       0
       0
       0
       0
       0
       2
       0
       0
       0
       1
       1
       0
       1
       0
       1
       0
       1
       0
       0
       1
       0
       0
       0
       0
       0
       2
       0
       0
       0
       0
       1
       1
       0
       1
       0
       0
       0
       1
       1
       0
       0
       0
       2
       0
       1
       0
       0
       0
       0
       1
       0
       0
       0
       0
       0
       0
       0
       0
       0
       0
       0
       1
       0
       1
       1
       1
       0
       0
       0
       0
       0
       1
       0
       0
       1
       1
       3
       0
       2
       0
       0
       1
       0
       1
       0
       0
       0
       1
       2
       0
       0
       2
       2
       0
       0
       0
       0
       0
       0
       2
       1
       1
       2
       0
       0
       0
       0
       0
       0
       0
       0
       0
       0
       1
       0
       1
       2
       2
       1
       0
       1
       0
       0
       0
       1
       0
       2
       0
       0
       0
       0
       0
       0
       1
       0
       0
       0
       1
       0
       0
       0
       2
       0
       1
       0
       0
       0
       0
       0
       2
       0
       1
       0
       0
       0
       2
       1
       0
       0
       0
       1
       1
       0
       0
       0
       1
       0
       0
       1
       1
       2
       0
       1
       0
       0
       1
       0
       0
       0
       0
       0
       0
       0
       1
       0
       1
       0
       0
       1
       0
       0
       3
       0
       1
       0
       1
       0
       1
       0
       0
       0
       0
       0
       0
       2
       1
       0
       0
       0
       0
       1
       0
       0
       1
       0
       0
       1
       0
       0
       4
       0
       1
       1
       0
       1
       0
       0
       2
       1
       0
       0
       0
       0
       0
       0
       0
       2
       0
       1
       0
       0
       0
       0
       0
       1
       2
       0
       0
       0
       1
       2
       0
       0
       1
       0
       0
       0
       0
       0
       2
       1
       0
       0
       1
       0
       0
       1
       0
       3
       0
       0
       1
       0
       0
       1
       1
       0
       0
       0
       0
       1
       1
       0
       0
       1
       0
       1
       1
       0
       0
       0
       1
       0
       0
       0
       1
       0
       0
       2
       0
       0
       1
       2
       1
       0
       0
       1
       0
       1
       0
       1
       1
       0
       0
       1
       1
       0
       1
       0
       0
       1
       1
       0
       0
       1
       0
       0
       0
       0
       1
       0
       0
       0
       2
       1
       0
       0
       2
       0
       0
       1
       0
       1
       0
       0
       1
       1
       0
       1
       1
       0
       1
       0
       0
       0
       0
       0
       1
       1
       0
       0
       0
       1
       0
       0
       0
       0
       0
       2
       0
       1
       0
       0
       0
       0
       1
       0
       0
       1
       0
       1
       0
       0
       0
       0
       0
       0
       1
       1
       0
       0
       0
       0
       1
       0
       0
       0
       1
       1
       3
       0
       0
       2
       0
       0
       0
       0
       0
       0
       0
       0
       0
       0
       0
       1
       0
       0
       0
       1
       0
       1
       1
       0
       3
       0
       0
       1
       0
       1
       0
       1
       0
       0
       0
       1
       1
       0
       1
       0
       1
       2
       0
       0
       0
       1
       1
       0
       0
       0
       2
       0
       1
       0
       0
       1
       0
       1
       0
       0
       1
       0
       0
       0
       0
       0
       0
       0
       0
       1
       0
       1
       1
       1
       0
       0
       0
       2
       1
       0
       0
       0
       0
       0
       1
       0
       1
       1
       0
       0
       1
       0
       2
       2
       0
       0
       0
       1
       0
       2
       0
       0
       1
       3
       0
       0
       1
       2
       2
       1
       0
       1
       3
       0
       0
       1
       1
       0
       0
       0
       0
       0
       0
       0
       2
       1
       0
       1
       1
       3
       1
       1
       0
       2
       0
       2
       2
       0
       2
       0
       1
       0
       2
       3
       1
       3
       4
       0
       2
       2
       2
       5
       3
       4
       5
       9
      12
      15
      18
      18
      20
      24
      20
      22
      34
      38
      37
      43
      59
      63
      59
      59
      84
      78
     114
     126
     123
     163
     154
     150
     210
     189
     238
     247
     245
     250
     230
     244
     274
     236
     237
     234
     193
     166
     161
     145
     113
     103
      83
      76
      57
      37
      34
      19
      16
      22
       3
       9
       4
       1
       1
       1
       1
       1
       0
       0
       3
       0
       0
       0
       1
       0
       0
       0
       0
       0
       0
       0
       0
       1
       0
       1
       0
       1
       0
       0
       1
       0
       2
       1
       3
       3
       0
       0
       2
       2
       1
       4
       3
       4
       4
       0
       3
       4
       2
       4
       5
       7
       5
       6
       5
       9
       5
       9
      10
      17
      16
      13
      18
      18
      30
      20
      36
      29
      41
      41
      44
      57
      54
      60
      69
      99
     101
     119
     109
     130
     142
     162
     152
     184
     180
     177
     213
     184
     181
     170
     161
     169
     150
     146
     107
     106
      87
      78
      55
      40
      42
      46
      16
      12
      10
       2
       5
       6
       3
       1
       2
       2
       3
       1
       0
       0
       1
       0
       0
       0
       0
       1
       0
       0
       0
       0
       0
       0
       0
       0
       0
       1
       0
       0
       0
       0
       0
       0
       0
       0
       0
       0
       0
       0
       0
       0
       1
       0
       1
       2
       1
       2
       1
       0
       0
       4
       2
       2
       3
       2
       2
       3
       8
       5
       8
       8
       5
      10
       7
       8
      14
      22
      21
      16
      17
      27
      31
      29
      34
      36
      34
      29
      35
      32
      51
      42
      37
      45
      40
      42
      49
      35
      34
      39
      35
      39
      23
      16
      12
      15
      16
       7
       5
       5
       8
       1
       2
       2
       0
       0
       0
       1
       0
       0
       0
       0
       1
       0
       0
       0
       0
       0
       0
       0
       0
       0
       0
       0
       0
       0
       0
       0
       0
       0
       0
       0
       0
       0
       0
       0
       0
       0
       0
       0
       0
       0
       0
       0
       0
       0
       0
       0
       0
       0
       0
       0
       0
       0
       0
       0
       0
       0
       0
       0
       0
       0
       0
       0
       0
       0
       0
       0
       0
       0
       0
       0
       0
       0
       0
       0
       0
       0
       0
       0
       0
       0
       0
       0
       0
       0
       0
       0
       0
       0
       0
       0
       0
       0
       0
       0
       0
       0
       0
       0
       0
       0
       0
       0
       0
       0
       0
       0
       0
       0
       0
       0
       0
       0
       0
       0
       0
       0
       0
       0
       0
       0
       0
       0
       0
       0
       0
       0
       0
       0
       0
       0
       0
       0
       0
       0
       0
       0
       0
       0
       0
       0
       0
       0
       0
       0
       0
       0
       0
       0
       0
       0
       0
       0
       0
       0
       0
       0
       0
       0
       0
       0
       0
       0
       0
       0
       0
       0
       0
       0
       1
       0
       0
       0
       0
       0
       0
       0
       0
       0
       0
       0
       0
       0
       0
       0
       0
       0
       0
       0
       0
       0
       0
       0
       0
       0
       0
       0
       0
       0
       0
       0
       0
       0
       0
       0
       0
       0
       0
       0
       0
       0
       0
       0
       0
       0
       0
       0
       0
       0
       0
       0
       0
       0
       0
       0
       0
       0
       0
       0
       0
       0
       0
       0
       0
       0
       0
       0
       0
       0
       0
       0
$ROI:
0
$PRESETS:
Live Time
300
0
$ENER_FIT:
-1535.651733 5.133218
$MCA_CAL:
3
-1.535652E+003 5.133218E+000 -5.767010E-004 keV
$SHAPE_CAL:
3
0.000000E+000 0.000000E+000 0.000000E+000
